,id,battery_power,blue,clock_speed,dual_sim,fc,four_g,int_memory,m_dep,mobile_wt,n_cores,pc,px_height,px_width,ram,sc_h,sc_w,talk_time,three_g,touch_screen,wifi
0,1,1043,Yes,1.8,Yes,14,No,5,0.1,193,3,16,226,1412,3476,12,7,2,No,Yes,No
1,2,841,Yes,0.5,Yes,4,Yes,61,0.8,191,5,12,746,857,3895,6,0,7,Yes,No,No
2,3,1807,Yes,2.8,No,1,No,27,0.9,186,3,4,1270,1366,2396,17,10,10,No,Yes,Yes
3,4,1546,No,0.5,Yes,18,Yes,25,0.5,96,8,20,295,1752,3893,10,0,7,Yes,Yes,No
4,5,1434,No,1.4,No,11,Yes,49,0.5,108,6,18,749,810,1773,15,8,7,Yes,No,Yes
5,6,1464,Yes,2.9,Yes,5,Yes,50,0.8,198,8,9,569,939,3506,10,7,3,Yes,Yes,Yes
6,7,1718,No,2.4,No,1,No,47,1.0,156,2,3,1283,1374,3873,14,2,10,No,No,No
7,8,833,No,2.4,Yes,0,No,62,0.8,111,1,2,1312,1880,1495,7,2,18,No,Yes,Yes
8,9,1111,Yes,2.9,Yes,9,Yes,25,0.6,101,5,19,556,876,3485,11,9,10,Yes,Yes,No
9,10,1520,No,0.5,No,1,No,25,0.5,171,3,20,52,1009,651,6,0,5,Yes,No,Yes
10,11,1500,No,2.2,No,2,No,55,0.6,80,7,6,503,1336,3866,13,7,20,No,Yes,No
11,12,1343,No,2.9,No,2,Yes,34,0.8,171,3,6,235,1671,3911,15,8,8,Yes,Yes,Yes
12,13,900,Yes,1.4,Yes,0,No,30,1.0,87,2,3,829,1893,439,6,2,20,Yes,No,No
13,14,1190,Yes,2.2,Yes,5,No,19,0.9,158,5,15,227,1856,992,13,0,16,Yes,Yes,No
14,15,630,No,1.8,No,8,Yes,51,0.9,193,8,9,1315,1323,2751,17,6,3,Yes,Yes,No
15,16,1846,Yes,1.0,No,5,Yes,53,0.7,106,8,7,185,1832,563,9,5,10,Yes,No,Yes
16,17,1985,No,0.5,Yes,14,Yes,26,1.0,163,2,17,613,1511,2083,13,3,14,Yes,Yes,No
17,18,1042,No,2.9,No,5,Yes,48,0.2,186,4,15,335,532,2187,9,2,5,Yes,No,No
18,19,1231,Yes,1.7,Yes,2,Yes,37,0.2,194,2,3,82,1771,3902,19,12,15,Yes,No,Yes
19,20,1488,No,2.6,No,9,No,37,0.7,189,4,20,47,559,2524,5,0,6,No,No,No
20,21,968,No,0.6,No,8,Yes,7,0.7,151,1,17,504,1930,1357,15,1,16,Yes,Yes,No
21,22,529,No,2.6,Yes,1,No,60,0.5,101,5,5,521,1591,3456,13,11,9,No,Yes,No
22,23,1558,No,1.7,Yes,7,No,50,0.1,115,2,10,777,1587,1641,17,0,9,No,Yes,Yes
23,24,533,Yes,0.7,Yes,16,No,58,0.8,97,5,18,512,1111,2322,17,3,2,No,Yes,No
24,25,1037,No,1.7,Yes,1,No,5,0.7,125,3,6,1194,1321,3862,17,4,7,Yes,Yes,No
25,26,1025,No,1.6,Yes,6,Yes,43,0.7,122,3,16,1003,1306,557,15,10,14,Yes,Yes,Yes
26,27,1858,No,3.0,Yes,0,No,17,0.6,124,4,1,575,1200,2427,16,11,13,Yes,Yes,No
27,28,980,No,0.5,No,1,No,8,0.1,91,5,5,54,658,625,17,3,7,No,Yes,Yes
28,29,644,Yes,0.5,Yes,9,No,15,0.2,139,5,10,627,630,3836,10,9,10,Yes,No,Yes
29,30,1024,Yes,1.6,Yes,0,Yes,38,0.8,81,2,0,129,1048,854,11,3,10,Yes,No,No
30,31,1981,No,2.9,Yes,2,Yes,11,0.3,184,8,13,876,1408,2383,11,2,18,Yes,No,No
31,32,1380,No,2.6,Yes,15,Yes,56,0.5,187,8,16,501,643,926,9,5,7,Yes,No,No
32,33,1557,Yes,1.7,Yes,1,No,32,0.3,152,7,11,1407,1633,3048,17,11,7,Yes,No,No
33,34,1201,Yes,2.2,Yes,10,No,49,0.8,175,4,20,722,992,824,18,13,9,Yes,No,No
34,35,1074,Yes,1.2,No,0,No,45,0.8,193,3,6,1219,1904,874,11,7,2,Yes,No,No
35,36,1175,Yes,2.1,No,3,No,33,0.9,124,6,8,119,1777,1617,5,3,7,No,No,Yes
36,37,1280,No,0.9,Yes,4,Yes,8,0.6,96,6,5,753,1557,3309,17,16,8,Yes,No,Yes
37,38,1715,No,0.6,Yes,1,Yes,28,0.4,112,6,16,162,847,1786,19,2,12,Yes,No,Yes
38,39,1165,No,0.9,No,4,No,40,0.9,150,2,11,313,528,3128,13,0,14,Yes,No,No
39,40,567,No,2.6,No,0,No,2,0.2,87,4,1,181,566,2243,16,6,10,No,Yes,Yes
40,41,1952,Yes,1.4,No,2,No,47,0.8,190,2,10,1416,1892,994,9,5,17,No,Yes,Yes
41,42,822,Yes,1.4,Yes,2,No,43,0.3,189,8,7,645,851,2749,13,4,16,Yes,No,Yes
42,43,685,Yes,0.5,Yes,0,No,12,0.5,121,6,15,79,633,793,5,4,11,No,No,Yes
43,44,1388,Yes,0.6,Yes,12,Yes,17,0.6,174,5,19,153,972,324,14,0,3,Yes,No,No
44,45,1972,No,2.1,No,2,No,48,0.6,188,3,14,480,748,366,5,3,17,Yes,Yes,No
45,46,1411,Yes,1.7,No,9,Yes,57,0.5,80,7,17,700,1234,1228,17,3,7,Yes,Yes,No
46,47,1094,No,2.3,Yes,2,No,20,0.9,135,1,5,221,610,1413,7,0,16,No,Yes,Yes
47,48,1653,No,0.7,Yes,1,Yes,13,0.5,114,4,15,1585,1896,2617,16,4,18,Yes,Yes,Yes
48,49,916,No,2.0,Yes,9,No,33,0.7,142,7,20,65,1867,1798,11,5,5,Yes,Yes,No
49,50,1712,No,0.8,No,1,No,29,0.3,149,7,6,556,816,2693,7,1,5,Yes,Yes,No
50,51,882,Yes,0.9,Yes,13,No,32,0.8,103,8,14,224,764,2437,17,14,15,No,Yes,Yes
51,52,632,No,1.2,No,6,Yes,33,0.5,101,2,10,705,992,837,16,4,3,Yes,No,No
52,53,1442,Yes,0.5,Yes,0,No,56,0.4,165,3,3,709,1695,2815,6,0,8,No,Yes,Yes
53,54,900,No,1.9,No,11,No,47,0.2,150,8,14,97,663,1440,14,2,4,Yes,Yes,Yes
54,55,1630,Yes,0.6,Yes,4,No,20,0.9,153,7,10,1131,1360,3470,17,6,4,Yes,Yes,No
55,56,1596,Yes,1.4,Yes,6,No,24,0.3,174,5,15,359,1022,1251,18,15,2,Yes,Yes,Yes
56,57,1272,Yes,0.5,No,9,Yes,54,0.6,133,8,11,1813,1871,3181,10,6,14,Yes,No,Yes
57,58,1640,No,2.5,Yes,1,No,7,0.2,135,4,2,839,1788,1361,9,1,7,No,Yes,Yes
58,59,1111,No,1.4,Yes,10,No,15,0.5,198,7,14,550,666,1630,13,5,2,Yes,No,Yes
59,60,1889,Yes,2.9,No,15,No,25,0.3,90,2,17,443,755,3689,9,6,2,Yes,No,Yes
60,61,1907,Yes,1.1,Yes,1,No,22,0.1,80,8,4,502,1113,3586,11,2,6,Yes,No,Yes
61,62,529,No,2.5,Yes,5,No,56,0.3,139,4,6,130,647,3942,10,0,7,No,No,Yes
62,63,578,No,0.5,No,3,Yes,38,0.7,121,6,5,19,667,1431,5,0,7,Yes,No,No
63,64,1634,Yes,2.3,Yes,2,Yes,39,0.4,164,1,7,386,636,2167,12,0,20,Yes,Yes,Yes
64,65,1533,Yes,1.2,Yes,1,Yes,22,0.6,172,3,15,22,1345,1248,9,2,9,Yes,No,No
65,66,660,No,0.6,No,5,Yes,47,0.1,83,3,6,49,1552,1986,8,0,15,Yes,Yes,No
66,67,1847,Yes,1.6,No,10,Yes,28,0.2,111,4,14,1497,1508,1378,5,2,18,Yes,No,Yes
67,68,1206,Yes,0.5,Yes,6,No,10,0.8,134,8,20,1327,1361,2959,5,1,20,No,No,Yes
68,69,549,Yes,0.5,No,3,Yes,53,0.8,173,5,5,555,1386,1893,5,2,19,Yes,Yes,Yes
69,70,1705,Yes,2.8,No,2,Yes,23,1.0,122,3,20,1560,1808,1676,8,6,20,Yes,Yes,Yes
70,71,1366,No,0.5,Yes,4,No,36,0.1,185,1,16,346,702,1912,17,13,19,No,No,Yes
71,72,1991,No,0.5,No,5,No,58,0.6,109,5,6,912,1660,1947,10,5,7,Yes,No,Yes
72,73,1102,Yes,1.2,No,5,Yes,40,1.0,175,3,14,756,882,2734,15,12,4,Yes,Yes,No
73,74,1452,No,1.1,No,3,Yes,32,0.5,175,3,5,699,1704,3617,16,1,12,Yes,Yes,No
74,75,1810,Yes,1.1,Yes,6,No,63,0.9,151,1,19,582,1752,3414,18,10,10,Yes,No,No
75,76,1166,Yes,2.2,Yes,2,Yes,41,1.0,165,7,4,680,1078,482,19,11,11,Yes,Yes,Yes
76,77,881,Yes,0.8,Yes,5,No,6,0.4,117,6,12,814,1015,2813,18,1,17,Yes,No,Yes
77,78,1134,Yes,0.5,Yes,0,Yes,64,0.5,166,5,0,672,1597,661,13,7,20,Yes,No,No
78,79,1031,Yes,2.0,Yes,1,Yes,20,0.7,177,1,4,450,911,2546,9,6,12,Yes,No,Yes
79,80,1376,Yes,2.4,Yes,0,Yes,34,0.4,167,6,1,757,1371,3922,5,0,2,Yes,No,No
80,81,1391,No,1.4,Yes,2,Yes,56,0.1,137,5,8,208,900,1199,15,8,10,Yes,Yes,Yes
81,82,979,No,2.1,No,6,No,24,0.6,124,5,16,1194,1256,3779,7,2,20,No,Yes,No
82,83,1075,Yes,1.9,No,0,No,36,0.6,127,4,3,1335,1427,3870,8,3,20,Yes,Yes,No
83,84,968,No,0.5,Yes,13,Yes,61,0.1,168,8,16,91,1585,858,8,7,11,Yes,Yes,No
84,85,1999,No,0.5,Yes,1,Yes,15,0.7,183,8,11,33,653,3840,19,17,12,Yes,No,Yes
85,86,1626,No,2.7,No,3,No,20,0.1,164,2,17,1095,1499,454,8,4,6,Yes,Yes,No
86,87,942,No,1.7,Yes,14,No,28,0.8,153,8,20,336,797,3953,13,11,7,No,No,Yes
87,88,1182,No,1.7,No,4,Yes,42,0.9,189,3,20,659,661,1633,14,3,6,Yes,No,Yes
88,89,1982,Yes,0.8,Yes,9,No,48,0.4,98,6,16,183,709,3035,10,4,9,Yes,No,Yes
89,90,1373,No,1.4,Yes,3,No,27,0.6,80,8,6,652,1100,966,14,0,9,No,No,Yes
90,91,1151,No,1.7,Yes,8,No,44,0.5,107,8,17,410,1014,1761,7,4,10,Yes,No,No
91,92,1650,Yes,2.1,Yes,6,No,51,0.9,99,5,15,440,1416,1938,14,0,3,No,Yes,Yes
92,93,1663,Yes,0.6,Yes,0,No,17,0.7,152,4,2,532,886,2820,14,1,5,Yes,Yes,Yes
93,94,1965,Yes,0.5,No,0,Yes,3,0.9,168,7,17,1373,1949,305,6,0,20,Yes,No,No
94,95,679,No,0.9,Yes,0,No,41,0.3,154,4,1,773,920,2838,19,7,6,No,No,Yes
95,96,1465,No,2.5,No,2,No,3,1.0,90,5,8,965,974,2042,8,2,12,No,Yes,Yes
96,97,1809,Yes,2.2,Yes,3,No,27,0.3,137,5,19,568,1864,700,11,10,12,Yes,No,No
97,98,757,Yes,2.4,Yes,8,Yes,26,0.2,164,8,17,652,1157,2593,19,3,15,Yes,No,Yes
98,99,1034,Yes,0.7,No,7,Yes,47,0.2,105,6,15,214,1463,1835,8,1,9,Yes,No,No
99,100,1119,Yes,2.5,No,9,No,23,0.8,81,4,19,423,1003,3121,15,4,5,No,Yes,No
100,101,559,Yes,0.5,Yes,0,Yes,24,0.8,103,4,5,537,627,2023,14,1,2,Yes,No,No
101,102,1204,Yes,1.8,No,9,No,19,0.8,113,8,15,667,1872,737,10,5,18,No,No,No
102,103,1008,No,2.3,Yes,4,Yes,15,0.4,89,8,19,491,692,450,11,7,18,Yes,No,No
103,104,1397,Yes,2.7,Yes,4,No,19,0.5,146,7,13,1037,1829,2928,12,2,4,No,No,No
104,105,697,No,0.6,Yes,0,Yes,34,0.1,114,4,6,325,610,1694,14,8,8,Yes,No,Yes
105,106,1939,Yes,1.3,No,5,No,58,0.3,174,2,17,49,974,2593,11,6,6,No,No,Yes
106,107,1039,No,1.9,Yes,2,No,15,0.7,113,1,5,1324,1945,745,9,2,10,No,No,No
107,108,1605,Yes,1.3,No,1,Yes,51,0.8,83,4,20,597,921,1310,11,9,10,Yes,Yes,Yes
108,109,1094,No,1.6,Yes,2,No,34,0.6,128,8,4,765,836,2743,9,3,20,No,No,Yes
109,110,769,Yes,0.5,Yes,1,Yes,30,0.8,190,3,9,470,1115,3976,12,10,11,Yes,No,Yes
110,111,861,Yes,0.6,Yes,0,No,40,0.1,132,2,13,653,1062,3931,18,14,2,No,No,No
111,112,504,No,0.9,Yes,4,No,63,1.0,169,2,16,463,1609,3455,17,15,15,No,No,Yes
112,113,1930,Yes,1.6,Yes,5,Yes,64,0.3,119,4,17,325,1205,1533,5,1,6,Yes,No,Yes
113,114,1795,Yes,0.6,Yes,10,No,52,0.3,140,2,16,855,910,3876,18,17,2,Yes,No,No
114,115,1363,No,1.6,Yes,3,Yes,2,0.9,159,7,6,912,1684,3239,11,5,11,Yes,No,No
115,116,1376,Yes,2.8,No,3,Yes,38,0.1,195,2,4,492,1110,3628,13,2,13,Yes,No,No
116,117,1981,Yes,0.5,No,2,No,19,0.4,123,7,3,605,769,3663,15,0,2,Yes,No,No
117,118,1901,No,2.7,No,4,No,62,0.7,133,3,17,401,1989,1786,16,10,5,No,Yes,Yes
118,119,1319,No,1.3,Yes,10,No,5,0.1,140,8,17,366,1821,3502,14,6,3,Yes,No,No
119,120,859,Yes,2.7,No,5,No,58,0.4,178,1,16,1225,1358,815,10,4,2,Yes,No,Yes
120,121,1664,Yes,2.1,No,10,No,25,0.1,147,3,11,573,856,275,9,3,11,Yes,Yes,Yes
121,122,955,No,0.5,Yes,0,No,62,0.4,151,1,1,261,538,3758,15,3,18,Yes,Yes,Yes
122,123,517,No,1.5,Yes,3,No,38,0.1,97,7,4,680,1138,2747,11,5,2,No,Yes,Yes
123,124,1806,No,1.1,No,2,Yes,64,0.3,133,5,7,280,683,1809,7,6,6,Yes,Yes,Yes
124,125,1348,No,0.8,No,6,Yes,50,0.1,123,4,11,565,1443,2086,12,8,20,Yes,No,No
125,126,1455,No,1.4,No,0,No,16,0.4,164,1,1,1379,1673,444,14,2,7,No,Yes,No
126,127,1611,No,1.7,Yes,5,No,25,0.6,92,5,18,949,1297,3467,9,1,8,Yes,Yes,Yes
127,128,1573,Yes,3.0,Yes,3,Yes,24,1.0,125,8,5,703,911,2776,5,3,17,Yes,Yes,Yes
128,129,557,No,0.5,No,0,Yes,23,0.5,197,5,1,1264,1682,3170,12,2,7,Yes,Yes,No
129,130,1599,Yes,0.5,No,4,No,31,0.1,130,2,5,1816,1917,1234,11,10,9,No,Yes,No
130,131,1051,Yes,0.9,Yes,0,No,16,0.1,100,7,9,108,894,305,12,0,3,Yes,Yes,Yes
131,132,1857,Yes,1.4,Yes,0,No,14,0.9,102,2,0,1328,1743,1745,15,10,20,No,No,No
132,133,1986,No,0.5,No,6,No,24,0.9,174,6,9,797,1061,1707,5,3,12,Yes,No,Yes
133,134,591,Yes,0.7,No,1,No,21,0.1,185,6,7,361,555,2220,11,10,13,Yes,Yes,No
134,135,1140,No,1.6,Yes,0,Yes,56,0.3,131,7,4,1049,1715,3130,6,5,9,Yes,No,Yes
135,136,923,Yes,0.6,No,0,Yes,10,0.8,80,2,3,357,1718,1500,18,9,9,Yes,Yes,No
136,137,1582,No,0.5,No,0,No,33,0.4,200,1,9,197,764,2145,9,7,18,Yes,Yes,Yes
137,138,723,No,0.5,No,5,No,63,0.5,172,8,14,906,1801,488,5,0,8,Yes,No,Yes
138,139,1251,Yes,3.0,Yes,3,Yes,54,0.8,83,5,4,806,1405,3863,6,1,14,Yes,Yes,No
139,140,574,Yes,1.0,Yes,4,Yes,60,0.1,139,2,7,924,1498,2913,14,0,9,Yes,No,No
140,141,948,Yes,0.5,Yes,5,Yes,60,0.2,116,2,10,223,1148,2094,12,7,15,Yes,Yes,Yes
141,142,1571,No,2.8,Yes,4,No,44,0.4,194,5,5,140,718,3141,8,1,17,No,No,Yes
142,143,564,Yes,0.5,No,2,No,33,0.6,192,1,6,113,863,2573,13,6,2,No,Yes,Yes
143,144,1466,No,2.4,Yes,14,Yes,57,0.9,155,6,18,1531,1727,2340,18,15,4,Yes,Yes,No
144,145,597,Yes,3.0,Yes,0,No,16,0.5,140,2,0,35,708,3788,12,0,5,No,No,Yes
145,146,895,Yes,2.5,Yes,10,Yes,9,0.5,148,7,14,1524,1691,3445,11,5,15,Yes,No,No
146,147,1535,No,2.5,Yes,13,Yes,37,1.0,82,4,16,838,1667,3241,6,0,15,Yes,No,Yes
147,148,1832,Yes,0.7,No,7,No,44,0.3,125,2,17,495,596,2976,19,3,9,No,No,No
148,149,1045,Yes,1.6,No,0,Yes,58,0.2,177,4,12,1212,1772,2241,19,15,11,Yes,Yes,No
149,150,1483,Yes,0.8,No,4,Yes,61,0.6,128,1,10,655,814,3843,11,8,20,Yes,No,Yes
150,151,976,No,2.0,No,0,Yes,5,0.9,184,7,14,496,797,3261,8,2,6,Yes,Yes,Yes
151,152,1840,Yes,1.1,Yes,0,No,46,0.1,123,4,2,800,1521,3264,8,4,16,No,Yes,No
152,153,1807,No,0.6,Yes,0,No,8,0.1,89,8,15,1010,1425,826,11,1,20,No,No,No
153,154,624,Yes,1.6,Yes,14,No,30,0.1,192,2,16,102,1052,1314,16,1,10,No,Yes,Yes
154,155,1963,No,0.5,No,7,Yes,38,0.4,193,3,15,948,1406,2699,7,0,10,Yes,Yes,No
155,156,1307,Yes,0.5,No,0,Yes,4,0.3,132,4,1,82,1236,2565,8,4,19,Yes,Yes,Yes
156,157,1933,Yes,0.5,Yes,6,No,23,0.1,102,7,7,1286,1846,3973,13,10,19,No,No,Yes
157,158,1496,Yes,1.3,Yes,0,No,42,0.9,124,2,5,264,995,3537,15,14,6,Yes,No,No
158,159,1532,Yes,2.0,No,0,No,7,0.2,134,2,10,75,834,3449,5,4,7,Yes,Yes,Yes
159,160,1004,No,1.1,Yes,7,Yes,8,0.8,97,2,9,461,919,3895,14,13,20,Yes,Yes,No
160,161,1483,Yes,1.2,Yes,10,Yes,38,0.1,87,5,14,321,1410,2777,17,9,16,Yes,Yes,No
161,162,945,No,2.4,No,3,No,47,0.4,141,2,11,120,1341,2904,19,14,5,No,No,No
162,163,1081,No,3.0,No,7,Yes,17,0.1,89,5,17,174,1683,3774,17,15,16,Yes,Yes,No
163,164,1012,No,2.8,Yes,6,Yes,32,0.9,87,3,14,1341,1997,3034,17,5,10,Yes,Yes,No
164,165,1762,No,1.0,No,5,No,50,0.9,104,3,12,1337,1684,2940,19,18,15,No,No,Yes
165,166,796,Yes,2.3,Yes,1,Yes,36,0.3,127,8,14,494,935,3932,5,1,5,Yes,Yes,Yes
166,167,1547,No,2.5,No,12,Yes,50,1.0,98,5,16,849,1024,1168,17,2,17,Yes,Yes,Yes
167,168,988,No,1.6,No,6,Yes,12,0.8,132,4,8,644,1291,376,9,1,17,Yes,No,Yes
168,169,1180,Yes,3.0,No,7,Yes,43,0.8,102,1,16,1557,1985,3510,9,5,13,Yes,Yes,Yes
169,170,852,Yes,1.9,No,3,Yes,3,0.5,161,2,4,376,872,542,14,9,9,Yes,No,Yes
170,171,607,Yes,0.8,No,1,Yes,18,0.2,146,7,3,151,532,550,12,1,12,Yes,No,Yes
171,172,1765,No,0.5,No,0,No,24,0.4,135,1,0,450,830,791,5,1,4,Yes,No,Yes
172,173,1250,No,0.5,No,18,No,63,0.7,165,1,19,1336,1532,1895,13,6,7,No,Yes,No
173,174,1577,No,2.6,Yes,0,No,55,0.5,109,5,0,1411,1718,609,6,0,20,Yes,Yes,Yes
174,175,1153,Yes,0.5,Yes,5,No,14,0.2,135,5,6,742,1236,263,19,10,14,Yes,No,Yes
175,176,651,Yes,0.7,No,0,No,35,0.4,113,7,5,1046,1414,2141,13,4,19,Yes,Yes,Yes
176,177,1186,Yes,2.3,Yes,1,No,25,0.1,88,4,7,85,1012,1270,18,9,17,No,Yes,No
177,178,1429,Yes,2.5,No,6,No,33,0.1,121,5,7,889,1846,403,11,6,18,Yes,Yes,Yes
178,179,556,No,0.9,No,4,Yes,10,0.8,135,8,12,182,688,2040,13,12,2,Yes,No,No
179,180,1735,Yes,2.7,No,5,Yes,21,0.1,126,3,8,282,1261,2597,16,12,8,Yes,No,Yes
180,181,1859,No,0.7,No,8,Yes,42,0.1,127,2,16,1168,1612,714,19,7,16,Yes,No,Yes
181,182,915,No,1.3,No,3,No,10,0.1,188,2,5,74,1266,423,13,3,14,No,Yes,Yes
182,183,890,No,0.5,No,5,No,9,0.4,113,1,10,457,1134,1238,6,2,17,No,No,Yes
183,184,758,No,2.8,No,13,No,48,0.7,101,3,18,1842,1896,926,9,5,18,No,No,No
184,185,541,No,2.1,No,0,Yes,28,0.4,156,7,4,103,1039,2704,14,0,5,Yes,Yes,No
185,186,586,No,2.9,Yes,6,Yes,33,0.2,195,8,17,1470,1644,2817,5,2,5,Yes,Yes,Yes
186,187,762,Yes,0.6,Yes,11,Yes,39,0.7,164,1,14,1065,1686,2271,12,7,8,Yes,Yes,No
187,188,683,No,0.5,Yes,0,Yes,9,0.8,186,7,3,1466,1754,1513,6,5,19,Yes,No,No
188,189,1526,No,0.7,Yes,10,No,39,0.4,125,3,20,563,1439,339,10,9,19,Yes,No,Yes
189,190,1771,Yes,2.4,No,6,No,39,0.7,188,2,9,460,1203,794,9,1,16,Yes,Yes,Yes
190,191,639,No,1.3,No,5,No,28,0.9,113,7,16,983,1369,391,6,2,12,No,No,Yes
191,192,1783,Yes,0.9,No,7,Yes,23,0.9,137,2,8,1114,1953,541,9,5,11,Yes,Yes,No
192,193,1933,No,1.2,No,16,Yes,55,0.2,166,5,20,729,1248,648,10,7,13,Yes,Yes,No
193,194,1384,No,1.3,Yes,3,Yes,62,0.4,153,1,5,1240,1393,3386,19,1,2,Yes,Yes,No
194,195,1770,No,2.6,No,12,No,26,0.5,80,1,17,98,1724,1651,18,6,14,No,No,No
195,196,1202,No,0.8,No,2,No,49,0.5,131,1,8,197,1435,1177,15,13,7,Yes,Yes,Yes
196,197,885,No,0.5,Yes,2,No,3,0.5,163,7,8,813,1666,2887,5,1,13,No,No,Yes
197,198,1629,Yes,2.3,No,2,Yes,2,0.8,86,6,19,1055,1200,2178,19,10,18,Yes,Yes,No
198,199,1072,Yes,0.5,Yes,6,Yes,4,0.5,92,1,12,1019,1640,2878,7,5,13,Yes,No,Yes
199,200,1863,Yes,2.5,Yes,0,No,64,0.7,89,5,1,159,618,3201,5,4,19,Yes,Yes,No
200,201,1739,No,2.3,Yes,1,No,51,0.4,140,4,15,406,691,1490,5,1,9,No,Yes,Yes
201,202,895,Yes,2.5,No,2,No,23,0.5,98,5,3,26,663,2724,16,14,7,No,No,No
202,203,1278,Yes,2.8,Yes,0,No,56,0.6,179,1,7,406,1698,3032,9,5,6,No,No,Yes
203,204,562,Yes,1.1,Yes,1,Yes,43,0.3,141,6,17,918,991,3352,13,12,17,Yes,Yes,No
204,205,1249,Yes,2.1,Yes,0,No,38,0.8,193,5,10,940,1290,3195,19,7,17,No,No,No
205,206,1811,No,1.2,No,18,Yes,25,0.8,185,6,19,1411,1443,1677,10,6,2,Yes,Yes,No
206,207,560,Yes,2.9,Yes,1,Yes,12,1.0,161,5,19,465,1797,2620,13,0,16,Yes,Yes,Yes
207,208,1773,Yes,0.5,No,14,Yes,61,0.1,141,7,20,847,1562,1061,17,4,15,Yes,No,Yes
208,209,1715,Yes,2.1,No,5,No,11,0.4,100,3,10,314,1276,1018,16,5,8,Yes,Yes,Yes
209,210,725,No,0.5,Yes,0,Yes,26,0.8,176,5,1,829,960,1370,7,6,9,Yes,Yes,Yes
210,211,800,Yes,2.2,No,5,Yes,41,0.1,103,6,9,185,1008,2094,17,16,6,Yes,No,Yes
211,212,1300,No,0.5,No,6,Yes,43,0.1,156,3,12,589,1815,2790,15,4,19,Yes,No,No
212,213,1001,No,0.8,No,0,No,48,1.0,98,5,0,471,655,1485,10,2,11,Yes,Yes,Yes
213,214,500,No,1.3,Yes,13,No,64,0.9,134,4,17,1384,1912,2807,19,7,7,No,No,Yes
214,215,1378,Yes,2.5,Yes,4,Yes,52,0.5,184,3,7,13,641,3528,5,1,7,Yes,No,No
215,216,951,Yes,2.4,No,1,Yes,24,0.1,147,8,20,897,1964,3391,19,4,7,Yes,No,No
216,217,1038,Yes,0.5,Yes,1,No,48,0.2,99,6,2,83,1103,1073,5,4,2,No,No,Yes
217,218,987,Yes,1.2,Yes,1,No,20,0.9,108,6,5,237,1427,2811,7,4,17,Yes,No,No
218,219,1698,No,0.5,No,6,Yes,21,0.1,196,7,7,614,1254,778,7,3,3,Yes,Yes,Yes
219,220,1762,Yes,0.9,Yes,14,No,11,0.1,107,4,17,647,801,3628,9,3,10,No,No,Yes
220,221,785,No,2.4,No,6,No,16,0.2,135,3,13,223,1366,2637,12,8,16,No,No,No
221,222,1851,No,2.4,Yes,2,No,59,0.1,151,3,18,278,1198,2892,10,0,5,Yes,Yes,No
222,223,1698,No,0.5,Yes,2,No,62,0.4,189,3,13,1459,1565,2805,11,2,19,No,No,Yes
223,224,1976,No,2.8,No,0,No,4,0.8,93,8,1,1146,1436,804,5,1,14,No,Yes,No
224,225,1649,Yes,0.5,No,4,Yes,53,0.4,162,4,11,261,1316,361,12,7,19,Yes,Yes,Yes
225,226,1157,Yes,2.6,Yes,4,No,4,0.9,149,7,6,878,1737,1453,17,10,9,Yes,No,No
226,227,1702,No,0.5,No,1,Yes,54,0.4,131,5,2,1112,1578,359,13,12,5,Yes,Yes,No
227,228,1040,Yes,0.6,No,0,No,54,0.3,199,2,5,458,959,3886,15,5,20,No,Yes,Yes
228,229,790,Yes,2.1,Yes,2,Yes,29,0.7,106,6,11,521,1996,557,11,2,2,Yes,Yes,Yes
229,230,1429,No,2.9,No,2,No,58,0.2,128,4,3,417,983,2005,15,1,9,No,Yes,No
230,231,739,Yes,3.0,No,14,No,56,0.7,103,8,20,134,1696,630,17,2,11,Yes,No,No
231,232,1364,Yes,1.6,Yes,6,Yes,44,0.1,174,7,8,615,1142,2741,9,3,18,Yes,No,Yes
232,233,1580,No,2.8,Yes,0,No,45,1.0,196,8,7,1017,1092,2214,12,9,19,No,No,Yes
233,234,1384,Yes,2.2,Yes,0,No,49,0.7,189,1,0,725,1741,1387,13,3,13,Yes,Yes,Yes
234,235,1037,No,2.9,Yes,2,No,57,0.7,83,6,5,749,965,3148,16,13,9,Yes,No,No
235,236,1519,No,1.5,No,12,No,43,0.1,183,1,14,868,1637,853,5,0,7,No,Yes,Yes
236,237,989,No,0.5,No,15,No,20,0.4,153,1,16,68,947,3614,17,5,10,Yes,Yes,No
237,238,1040,Yes,0.5,Yes,3,No,41,0.8,116,3,18,299,608,1006,12,7,18,No,No,Yes
238,239,1240,Yes,1.4,No,3,Yes,9,0.9,93,5,7,477,1319,3959,14,9,15,Yes,No,No
239,240,1273,Yes,2.0,No,15,Yes,7,0.9,143,1,16,288,706,1743,12,7,13,Yes,Yes,No
240,241,1784,No,0.5,No,8,No,28,0.3,171,4,9,1145,1680,2192,15,13,2,Yes,No,No
241,242,1169,Yes,1.4,Yes,7,Yes,51,0.1,177,7,19,515,720,329,14,6,13,Yes,No,Yes
242,243,703,Yes,2.4,No,1,Yes,27,0.1,138,1,6,47,1820,502,12,4,11,Yes,Yes,Yes
243,244,959,Yes,1.0,No,5,Yes,15,0.4,119,5,9,121,934,3000,15,0,15,Yes,Yes,Yes
244,245,1292,Yes,3.0,Yes,1,Yes,63,0.3,157,6,8,452,1309,1413,13,2,10,Yes,Yes,Yes
245,246,1927,Yes,2.1,No,0,No,5,0.9,139,6,1,603,1228,2913,15,10,8,No,No,No
246,247,1477,Yes,1.7,No,1,No,15,0.4,178,8,5,1381,1459,2684,18,13,8,Yes,Yes,Yes
247,248,1759,No,0.5,Yes,9,No,58,0.2,101,2,12,510,615,3428,17,0,9,Yes,Yes,No
248,249,831,No,2.2,No,0,Yes,31,0.3,197,3,1,1460,1591,1629,8,1,5,Yes,Yes,No
249,250,1803,No,1.1,Yes,1,Yes,41,0.2,146,2,10,102,613,1873,14,1,20,Yes,Yes,Yes
250,251,1361,No,0.6,No,0,Yes,64,1.0,91,3,2,174,574,3751,18,6,19,Yes,Yes,No
251,252,1183,Yes,1.4,No,1,No,32,0.8,197,1,4,884,1475,637,12,6,16,No,No,Yes
252,253,917,Yes,1.3,No,0,No,53,0.2,166,5,1,750,1339,603,12,6,7,Yes,No,Yes
253,254,1278,Yes,0.5,Yes,2,No,7,1.0,192,5,3,319,587,3067,10,2,4,Yes,Yes,Yes
254,255,1247,Yes,0.5,No,0,No,28,0.4,191,7,5,901,1447,3268,16,3,15,No,Yes,No
255,256,930,No,1.0,Yes,5,Yes,40,0.8,128,7,15,775,1224,3816,13,0,2,Yes,Yes,Yes
256,257,1019,No,1.7,Yes,0,Yes,5,0.7,177,3,8,889,1840,1850,10,5,11,Yes,No,Yes
257,258,1855,Yes,0.8,No,0,Yes,26,0.8,161,4,0,986,1339,3481,8,7,19,Yes,Yes,Yes
258,259,1730,No,0.5,Yes,4,No,54,0.7,93,3,7,283,1151,1695,19,5,17,No,Yes,No
259,260,1972,No,2.2,Yes,4,Yes,5,0.9,95,3,19,955,1781,625,10,1,10,Yes,Yes,Yes
260,261,1887,No,2.3,Yes,4,No,35,0.9,115,2,7,178,1275,3203,7,5,15,Yes,No,No
261,262,1590,No,1.9,No,0,No,13,0.4,111,6,1,759,1187,2440,19,0,3,Yes,No,Yes
262,263,603,Yes,2.7,No,0,Yes,42,0.2,135,8,0,746,754,1934,14,10,11,Yes,No,No
263,264,560,Yes,2.1,No,11,Yes,37,0.6,121,4,14,237,551,3278,15,9,7,Yes,Yes,No
264,265,1981,Yes,1.6,Yes,10,No,34,0.1,117,5,20,929,1552,3764,11,4,14,Yes,No,Yes
265,266,1190,Yes,2.1,No,0,Yes,18,0.6,160,6,2,644,1070,3571,6,5,5,Yes,No,No
266,267,1396,Yes,0.8,Yes,7,Yes,10,0.3,108,4,16,646,1721,3881,13,0,9,Yes,Yes,Yes
267,268,1598,Yes,1.7,Yes,0,No,57,0.9,89,1,1,371,783,1663,14,9,14,Yes,No,Yes
268,269,1692,No,2.2,No,5,Yes,11,0.1,151,3,7,1256,1386,524,5,2,10,Yes,Yes,No
269,270,628,Yes,0.5,No,0,Yes,26,0.5,106,8,2,389,517,1853,13,10,12,Yes,Yes,Yes
270,271,1883,No,0.7,Yes,1,No,6,0.9,145,6,4,123,1320,2067,8,0,9,Yes,No,Yes
271,272,819,Yes,0.5,No,5,Yes,16,0.1,163,1,10,663,1788,3325,15,5,16,Yes,No,No
272,273,651,No,1.6,Yes,0,Yes,7,0.6,129,1,6,1268,1423,2151,19,10,20,Yes,Yes,Yes
273,274,723,No,1.1,No,2,No,27,0.7,145,2,9,98,1175,2044,13,6,11,No,Yes,No
274,275,1367,Yes,0.9,No,2,Yes,58,0.6,184,4,20,721,1210,3946,16,9,9,Yes,No,No
275,276,1784,Yes,1.4,No,1,Yes,3,0.3,125,5,5,1424,1672,2110,10,5,8,Yes,No,Yes
276,277,1744,Yes,0.9,Yes,5,Yes,35,0.3,137,7,9,915,1554,656,17,4,7,Yes,No,No
277,278,1086,No,2.5,No,11,No,7,0.5,116,6,14,635,1839,3297,18,0,16,Yes,No,No
278,279,899,No,1.7,Yes,0,Yes,3,0.1,165,8,0,167,1239,1296,14,11,9,Yes,No,Yes
279,280,896,No,0.8,No,3,No,29,0.5,91,6,10,135,820,1650,16,6,13,Yes,No,No
280,281,1714,No,1.6,Yes,9,Yes,59,0.5,186,8,19,991,1274,2546,18,10,11,Yes,Yes,Yes
281,282,1395,Yes,0.6,No,5,No,38,0.3,167,6,16,896,1501,915,5,4,6,Yes,Yes,No
282,283,786,No,1.8,Yes,2,No,28,0.5,198,1,7,3,1058,331,14,2,2,Yes,No,Yes
283,284,1687,No,1.2,Yes,4,No,14,0.9,120,2,14,924,1461,3975,19,3,10,No,Yes,Yes
284,285,669,Yes,2.6,Yes,18,Yes,10,0.6,171,5,20,1300,1834,2801,6,2,10,Yes,No,No
285,286,1423,Yes,2.1,No,1,No,51,0.8,178,4,18,633,1371,3331,8,2,8,Yes,Yes,No
286,287,1600,No,2.0,Yes,5,No,44,0.1,98,1,8,735,1205,2939,8,3,19,Yes,Yes,Yes
287,288,1621,Yes,0.6,Yes,14,No,59,0.7,160,7,16,213,1120,2706,12,3,20,Yes,No,No
288,289,1672,Yes,1.9,No,10,No,37,0.3,194,7,15,495,839,1335,7,1,8,No,Yes,Yes
289,290,1934,No,2.7,No,9,Yes,48,0.1,128,4,18,475,853,3370,7,6,2,Yes,No,Yes
290,291,1650,Yes,0.6,No,0,No,62,0.3,81,3,15,1305,1918,2596,5,2,10,No,No,No
291,292,1700,No,0.5,Yes,1,No,33,0.8,189,5,2,382,1151,2477,9,8,3,No,No,Yes
292,293,1550,Yes,2.0,No,1,Yes,29,0.6,171,5,2,572,1499,3465,10,1,14,Yes,Yes,No
293,294,626,No,1.9,No,4,No,8,0.2,185,2,6,16,1410,2589,15,10,14,No,Yes,Yes
294,295,1737,Yes,2.0,Yes,0,No,14,0.4,156,5,2,1028,1757,2363,8,0,10,Yes,No,Yes
295,296,1370,No,1.7,No,1,No,6,0.7,113,1,7,482,1689,1302,7,3,3,No,No,Yes
296,297,1899,Yes,0.8,Yes,15,No,14,0.4,191,4,16,1200,1345,1677,5,1,14,No,No,Yes
297,298,848,Yes,0.6,No,0,No,31,0.7,123,5,1,299,756,1108,15,6,18,Yes,Yes,No
298,299,1430,Yes,2.0,Yes,0,Yes,16,0.2,171,4,1,696,757,2916,6,3,10,Yes,Yes,No
299,300,768,Yes,0.5,Yes,1,No,45,0.1,175,4,16,1164,1376,3947,6,1,12,Yes,Yes,No
300,301,1856,Yes,1.9,Yes,9,Yes,15,0.5,160,3,14,450,714,1514,7,1,13,Yes,Yes,No
301,302,900,Yes,0.5,No,11,Yes,64,0.7,149,4,12,164,708,942,13,5,2,Yes,Yes,No
302,303,1729,No,2.3,Yes,0,No,38,0.2,136,7,8,77,1910,700,8,2,7,Yes,Yes,Yes
303,304,1533,Yes,2.8,No,3,No,42,0.2,87,1,13,1316,1618,3246,10,2,8,No,Yes,No
304,305,1210,Yes,2.3,No,0,No,63,0.9,141,6,4,51,1761,977,14,6,20,Yes,No,No
305,306,1880,Yes,1.8,Yes,1,Yes,10,0.5,198,8,4,1664,1708,3538,19,16,17,Yes,No,Yes
306,307,996,No,0.5,Yes,14,No,61,0.8,174,7,15,400,989,1235,11,10,16,Yes,Yes,Yes
307,308,1175,No,3.0,Yes,12,Yes,40,0.1,172,5,18,812,1251,1507,15,14,18,Yes,Yes,No
308,309,1773,No,0.5,Yes,7,No,33,0.3,143,5,13,831,1170,1994,16,9,20,Yes,No,No
309,310,1263,No,2.4,Yes,11,Yes,54,0.6,100,5,14,12,1857,458,12,5,15,Yes,No,No
310,311,1956,No,1.2,Yes,10,Yes,5,0.8,156,4,11,870,1753,2130,7,3,10,Yes,Yes,Yes
311,312,992,No,1.6,Yes,10,No,27,0.3,162,4,14,106,767,3894,15,9,13,Yes,No,Yes
312,313,911,Yes,1.7,No,1,Yes,13,0.3,126,5,2,713,760,1843,13,6,11,Yes,No,Yes
313,314,1979,No,0.5,Yes,15,No,54,0.3,136,3,19,669,1311,3151,12,1,20,Yes,Yes,Yes
314,315,1899,No,0.5,Yes,0,Yes,55,0.3,93,4,0,1359,1981,1796,7,4,11,Yes,No,Yes
315,316,1649,Yes,0.8,Yes,1,Yes,40,0.1,159,3,3,177,586,2755,15,9,3,Yes,No,Yes
316,317,1095,Yes,1.8,Yes,9,No,47,0.3,152,6,15,354,1827,1334,12,2,12,No,No,Yes
317,318,1074,No,0.7,No,0,Yes,61,0.6,117,4,11,305,1770,2791,7,1,12,Yes,No,Yes
318,319,656,No,2.7,Yes,0,Yes,48,0.2,164,2,0,303,508,1132,5,0,14,Yes,No,No
319,320,1394,Yes,2.7,Yes,7,No,8,0.8,150,3,9,215,1018,730,15,7,4,No,Yes,Yes
320,321,1632,Yes,1.1,No,2,Yes,45,0.8,132,4,3,22,1256,379,18,13,19,Yes,No,No
321,322,1225,No,2.9,No,13,No,35,0.5,128,3,17,1324,1490,1261,12,4,15,No,No,No
322,323,1337,Yes,2.4,Yes,0,No,48,0.9,107,6,2,819,1129,3213,10,5,15,No,No,No
323,324,1178,Yes,1.1,Yes,0,Yes,11,0.5,98,2,1,1549,1661,2106,17,10,4,Yes,No,Yes
324,325,1269,No,1.5,Yes,1,No,51,0.7,180,4,19,410,1782,827,15,6,12,Yes,Yes,No
325,326,1526,Yes,1.2,No,7,Yes,32,0.5,128,4,12,1152,1592,647,19,3,18,Yes,No,Yes
326,327,986,No,0.7,Yes,7,Yes,16,0.4,144,8,9,234,628,300,8,5,7,Yes,No,Yes
327,328,848,No,0.5,Yes,1,Yes,41,0.2,171,2,2,388,1015,3939,6,3,3,Yes,Yes,No
328,329,1904,Yes,0.5,Yes,8,No,14,0.5,95,4,13,636,828,2091,8,0,6,No,Yes,Yes
329,330,803,Yes,2.2,Yes,0,No,16,0.1,105,1,0,199,736,1492,17,12,18,Yes,No,No
330,331,1399,Yes,1.9,Yes,1,No,56,0.3,153,1,15,130,611,3128,17,2,19,Yes,Yes,No
331,332,788,Yes,1.5,Yes,0,Yes,22,0.5,163,4,6,1114,1732,3750,13,10,12,Yes,No,Yes
332,333,579,Yes,1.1,No,6,Yes,58,0.2,125,1,9,786,1685,1435,18,9,10,Yes,No,No
333,334,1010,No,0.7,Yes,4,Yes,28,0.5,195,8,5,117,841,3302,14,2,7,Yes,Yes,No
334,335,530,Yes,0.5,Yes,0,No,47,0.5,93,3,2,463,912,3455,19,8,2,Yes,Yes,Yes
335,336,1289,Yes,1.8,No,1,No,64,0.6,125,7,14,173,548,2782,9,3,14,No,No,Yes
336,337,1877,Yes,0.5,No,4,No,10,0.9,123,8,6,134,610,3969,6,0,7,No,No,Yes
337,338,1764,No,2.7,No,11,Yes,48,0.9,90,7,17,444,581,1589,19,10,20,Yes,Yes,Yes
338,339,1709,No,2.2,Yes,1,Yes,13,0.6,191,6,6,74,516,3899,16,13,3,Yes,No,Yes
339,340,1690,No,1.3,Yes,0,No,28,0.9,85,3,1,1304,1332,3571,18,2,6,Yes,No,Yes
340,341,600,No,2.5,Yes,3,No,9,0.2,145,4,10,584,714,2800,17,6,5,No,Yes,No
341,342,743,No,0.5,No,9,Yes,53,0.3,149,2,10,670,1070,2938,9,3,13,Yes,Yes,Yes
342,343,1850,No,2.2,Yes,9,No,41,0.8,133,8,13,27,518,3032,8,1,10,Yes,Yes,Yes
343,344,1297,No,0.5,Yes,12,No,17,0.1,196,1,14,559,813,3652,19,4,12,No,Yes,Yes
344,345,1706,No,1.8,Yes,10,Yes,44,0.2,137,5,13,716,1440,3238,5,3,20,Yes,No,No
345,346,1967,No,0.5,No,11,Yes,23,0.6,135,5,16,931,1726,325,16,0,3,Yes,No,Yes
346,347,1392,Yes,0.5,Yes,6,No,63,0.5,181,2,9,573,1468,3850,12,8,13,No,Yes,No
347,348,1248,Yes,2.1,Yes,2,Yes,12,0.1,170,2,3,328,1378,1266,11,0,6,Yes,Yes,No
348,349,894,Yes,0.5,Yes,2,No,27,0.3,192,2,6,932,1576,3454,9,4,14,No,Yes,No
349,350,1829,No,0.5,No,2,Yes,54,0.6,98,3,20,383,1160,1634,7,0,12,Yes,No,No
350,351,1372,No,0.6,No,3,Yes,42,0.7,124,6,10,68,1998,3208,18,5,9,Yes,Yes,Yes
351,352,1429,Yes,1.0,No,7,No,11,0.7,150,4,8,436,813,1955,7,5,2,Yes,Yes,No
352,353,706,No,0.5,Yes,10,Yes,4,0.8,190,5,18,204,966,3735,12,7,20,Yes,Yes,Yes
353,354,649,No,1.9,No,0,No,51,0.6,179,4,12,1174,1388,3446,11,5,18,No,Yes,Yes
354,355,1137,Yes,0.8,No,3,Yes,7,1.0,122,3,18,537,620,946,13,4,7,Yes,No,Yes
355,356,1320,Yes,0.5,Yes,11,Yes,6,0.2,164,1,14,1034,1836,1626,11,9,14,Yes,No,Yes
356,357,792,No,0.8,No,7,No,48,0.5,144,4,16,371,888,1583,15,2,20,No,Yes,Yes
357,358,918,Yes,2.7,No,7,No,25,0.9,149,7,8,178,1850,3676,6,2,2,Yes,No,Yes
358,359,929,Yes,0.5,Yes,7,Yes,13,1.0,146,7,8,213,1714,1704,15,2,5,Yes,No,No
359,360,767,Yes,0.5,Yes,4,No,30,0.8,100,5,8,798,1955,3485,9,1,4,Yes,No,Yes
360,361,1739,No,2.6,No,9,No,39,0.5,135,8,10,86,1957,1882,13,12,8,Yes,Yes,No
361,362,1315,No,0.5,No,0,Yes,15,0.4,134,1,0,489,624,3928,8,4,8,Yes,No,Yes
362,363,1388,No,1.4,Yes,4,Yes,31,0.6,184,1,14,1338,1443,346,8,2,12,Yes,No,No
363,364,1981,No,2.5,Yes,1,No,36,0.3,94,4,2,128,1457,395,9,7,15,No,Yes,No
364,365,569,No,0.5,Yes,1,Yes,53,1.0,170,8,20,457,1555,1243,17,10,10,Yes,Yes,No
365,366,1930,No,1.3,No,2,No,57,0.2,151,1,9,678,1117,682,16,10,8,No,No,Yes
366,367,725,Yes,0.5,No,10,No,61,0.8,108,3,17,260,508,3074,7,6,12,No,No,Yes
367,368,1690,No,2.2,No,0,No,51,0.8,130,8,15,713,1092,451,6,4,7,No,No,Yes
368,369,712,Yes,1.4,No,1,Yes,33,0.2,86,4,5,163,799,1471,15,0,10,Yes,No,No
369,370,1603,Yes,0.5,Yes,8,Yes,37,1.0,95,8,9,1430,1622,1748,15,10,5,Yes,Yes,No
370,371,1850,Yes,2.8,No,0,No,18,0.1,132,8,3,633,1382,1853,15,0,9,Yes,Yes,No
371,372,1472,Yes,0.7,Yes,4,Yes,41,1.0,145,3,6,242,619,1514,8,1,16,Yes,Yes,Yes
372,373,1858,No,0.7,Yes,1,Yes,43,0.2,167,5,3,1154,1473,1886,9,3,7,Yes,Yes,Yes
373,374,1543,Yes,2.6,Yes,0,Yes,46,0.8,116,8,13,48,679,3023,6,4,4,Yes,Yes,No
374,375,652,Yes,2.8,Yes,4,No,37,0.8,174,6,11,416,1652,2904,16,8,16,No,No,No
375,376,546,No,1.8,Yes,6,Yes,55,0.9,100,6,12,493,1477,628,12,3,10,Yes,Yes,Yes
376,377,1408,Yes,1.4,Yes,1,No,6,0.9,145,8,3,621,692,1833,9,1,19,No,Yes,No
377,378,1021,No,1.5,Yes,3,Yes,31,0.1,97,7,10,189,1327,1066,18,15,17,Yes,Yes,Yes
378,379,567,No,1.4,Yes,14,No,60,0.1,111,2,15,152,1326,1150,17,16,4,Yes,No,Yes
379,380,1967,Yes,2.6,Yes,4,No,62,1.0,91,8,10,1355,1850,2839,13,7,10,Yes,No,No
380,381,1658,No,2.0,Yes,8,Yes,61,0.1,180,3,20,443,1100,2857,7,1,5,Yes,No,Yes
381,382,1088,Yes,3.0,Yes,2,Yes,52,0.3,164,7,4,86,588,1447,19,16,15,Yes,Yes,Yes
382,383,542,Yes,0.7,No,2,Yes,12,0.2,185,2,3,1674,1969,3445,17,2,4,Yes,Yes,Yes
383,384,788,No,1.6,Yes,6,Yes,52,0.1,96,1,20,530,1436,1941,14,0,19,Yes,Yes,No
384,385,576,Yes,2.5,Yes,10,No,57,0.7,179,5,15,1009,1656,2522,11,5,12,No,Yes,No
385,386,950,Yes,1.6,No,5,Yes,41,0.5,188,3,20,193,727,2932,10,7,20,Yes,No,No
386,387,518,Yes,0.8,No,3,Yes,17,0.5,133,3,7,564,765,2239,7,3,7,Yes,Yes,Yes
387,388,1996,Yes,1.9,No,4,No,55,0.3,81,7,8,890,1661,1852,8,2,4,No,Yes,Yes
388,389,1197,No,2.9,No,6,Yes,38,0.1,83,6,17,1516,1910,3525,13,9,16,Yes,No,No
389,390,1006,Yes,2.5,Yes,9,No,14,0.7,186,1,12,348,640,1955,17,6,9,Yes,Yes,No
390,391,1679,Yes,1.5,No,2,Yes,4,0.1,133,4,3,349,531,1557,16,15,12,Yes,No,Yes
391,392,1262,No,1.4,Yes,7,Yes,64,0.1,116,7,16,37,1018,3060,5,1,4,Yes,Yes,Yes
392,393,560,No,1.3,Yes,13,No,29,1.0,160,1,19,906,1189,2832,16,1,7,Yes,No,No
393,394,904,No,2.4,No,5,Yes,55,0.6,158,4,13,529,764,2008,6,1,16,Yes,No,No
394,395,1834,Yes,2.1,No,1,Yes,55,0.1,137,3,10,670,1179,2420,15,3,8,Yes,No,Yes
395,396,681,No,1.2,Yes,8,No,13,0.8,87,3,17,288,621,292,12,10,18,No,No,Yes
396,397,687,No,0.6,Yes,13,Yes,14,0.4,185,2,16,721,1620,1580,19,4,19,Yes,Yes,Yes
397,398,863,No,2.9,No,11,Yes,52,0.8,119,6,13,1060,1547,1345,7,0,20,Yes,No,No
398,399,518,Yes,2.7,No,0,Yes,45,0.7,159,6,15,564,739,1208,10,9,9,Yes,Yes,No
399,400,1488,No,1.8,No,0,Yes,2,0.1,124,4,0,765,777,3349,17,6,2,Yes,No,No
400,401,944,No,2.4,No,0,No,35,0.5,127,3,1,7,719,2804,9,4,10,Yes,Yes,No
401,402,1283,No,0.5,Yes,6,No,48,0.5,176,6,9,880,964,1182,11,8,17,Yes,Yes,No
402,403,817,Yes,1.0,Yes,13,Yes,40,0.8,140,4,17,1180,1790,436,19,6,14,Yes,No,Yes
403,404,804,No,2.6,Yes,2,No,49,0.6,105,1,18,638,939,2256,16,1,7,Yes,No,Yes
404,405,1883,Yes,2.6,No,2,Yes,50,0.1,169,5,3,313,561,427,17,8,10,Yes,No,Yes
405,406,1177,No,0.5,No,5,Yes,2,0.9,141,7,12,490,793,715,19,5,4,Yes,No,No
406,407,1765,Yes,2.0,No,7,No,18,0.9,85,4,8,791,1580,1199,7,4,10,Yes,No,No
407,408,1997,No,2.1,No,10,Yes,60,0.7,84,8,16,1130,1687,788,17,15,8,Yes,No,Yes
408,409,989,Yes,2.6,Yes,1,No,14,0.2,148,4,11,513,1089,507,13,10,13,No,Yes,Yes
409,410,1370,Yes,0.6,Yes,0,Yes,56,0.5,124,6,3,919,1113,974,5,4,15,Yes,No,No
410,411,861,No,0.5,No,0,No,64,0.8,105,7,1,1376,1864,600,15,1,12,No,Yes,No
411,412,1745,No,1.8,No,0,No,45,0.1,110,2,2,1070,1445,2352,11,9,16,Yes,No,Yes
412,413,1187,No,0.6,Yes,0,Yes,4,0.7,92,8,0,709,1306,2518,14,12,20,Yes,Yes,Yes
413,414,1422,Yes,1.8,No,12,No,3,0.9,145,1,13,1023,1223,3941,9,7,2,No,No,No
414,415,658,Yes,2.4,No,0,Yes,38,1.0,94,8,1,479,1300,2585,19,2,8,Yes,No,No
415,416,1180,Yes,2.3,Yes,0,Yes,32,0.8,97,2,1,1603,1762,3504,17,7,10,Yes,Yes,Yes
416,417,521,Yes,2.6,Yes,1,Yes,64,0.8,200,4,11,575,1089,834,6,5,12,Yes,Yes,Yes
417,418,666,No,1.1,No,1,Yes,28,0.9,179,1,13,157,1466,3850,7,5,9,Yes,Yes,Yes
418,419,805,Yes,1.5,No,0,No,25,0.3,174,2,3,522,553,1580,15,13,3,Yes,No,No
419,420,1008,Yes,2.9,No,0,No,39,0.9,161,6,5,565,1228,3589,14,1,18,Yes,No,Yes
420,421,986,No,2.8,No,0,Yes,26,0.1,80,8,9,0,1214,1316,7,5,8,Yes,No,No
421,422,1655,No,2.0,No,0,No,23,0.6,192,2,1,586,641,1872,11,9,13,Yes,Yes,No
422,423,1391,Yes,0.5,No,0,Yes,53,0.2,114,5,1,996,1521,1114,8,0,17,Yes,No,Yes
423,424,1042,Yes,0.5,Yes,11,No,13,0.1,148,3,20,98,569,1715,17,7,7,Yes,Yes,Yes
424,425,916,Yes,1.1,Yes,5,Yes,44,0.9,116,3,16,893,1132,2367,8,5,7,Yes,No,Yes
425,426,681,No,2.6,No,1,No,29,0.9,162,3,7,1262,1332,575,15,5,4,Yes,Yes,Yes
426,427,1224,Yes,1.1,Yes,1,Yes,34,1.0,138,6,3,1545,1751,2992,13,5,3,Yes,Yes,No
427,428,1234,No,2.1,Yes,4,Yes,44,0.4,107,3,17,797,1054,2819,13,3,8,Yes,No,Yes
428,429,1093,Yes,2.7,No,8,No,63,0.5,138,8,9,605,1966,3556,13,2,13,No,No,Yes
429,430,583,No,0.5,No,9,Yes,33,0.9,136,5,18,1673,1774,3236,12,9,13,Yes,No,No
430,431,1598,Yes,1.0,Yes,8,Yes,49,0.5,115,2,14,537,1233,1313,12,2,7,Yes,Yes,No
431,432,1988,Yes,2.8,Yes,3,No,34,0.4,163,3,16,1221,1981,2872,7,6,20,Yes,Yes,Yes
432,433,1746,No,0.5,Yes,9,No,51,0.8,184,7,19,754,790,1822,18,17,15,No,Yes,No
433,434,907,Yes,2.7,No,8,No,53,0.7,156,2,13,10,1881,3469,8,5,12,Yes,No,No
434,435,1472,No,0.5,No,3,Yes,53,0.7,103,1,4,438,690,2001,14,0,14,Yes,Yes,Yes
435,436,916,Yes,1.3,No,5,No,10,0.8,173,4,8,43,1012,3706,9,8,15,No,Yes,No
436,437,1427,Yes,0.8,Yes,2,No,31,0.9,186,1,20,934,1005,2542,7,6,10,No,No,No
437,438,1101,Yes,2.9,Yes,3,No,5,0.5,141,5,7,90,642,1567,15,2,11,Yes,Yes,No
438,439,723,Yes,0.5,No,0,No,36,0.8,104,4,0,263,514,2669,17,6,16,No,No,Yes
439,440,1403,No,0.7,Yes,4,No,32,0.1,117,1,5,257,551,2499,16,10,4,No,No,Yes
440,441,657,Yes,0.8,Yes,4,No,45,0.1,87,1,6,843,1260,2273,15,12,10,No,Yes,No
441,442,1688,Yes,0.8,No,0,No,14,0.9,118,1,2,48,1425,1773,13,0,18,Yes,Yes,Yes
442,443,1086,No,0.5,No,10,No,35,0.6,125,7,17,577,1296,421,7,5,6,Yes,No,Yes
443,444,876,Yes,1.1,No,2,Yes,48,0.9,196,2,3,524,1225,630,17,9,18,Yes,No,Yes
444,445,1065,No,0.5,No,0,No,25,0.6,189,6,1,776,996,1114,5,1,19,No,No,Yes
445,446,1235,No,1.5,No,3,No,33,0.1,164,8,16,633,1891,1623,10,3,20,Yes,Yes,Yes
446,447,1959,Yes,2.7,No,0,Yes,2,0.2,92,3,11,992,1418,2125,14,7,8,Yes,Yes,No
447,448,650,Yes,1.5,No,12,No,48,0.8,187,4,14,986,1291,1622,8,6,19,Yes,Yes,Yes
448,449,1465,Yes,2.9,No,0,No,38,0.3,88,1,7,478,613,1162,14,10,10,Yes,Yes,Yes
449,450,1030,No,0.9,No,6,Yes,29,0.1,113,1,7,174,624,3762,5,4,12,Yes,No,No
450,451,853,Yes,1.9,Yes,17,Yes,26,0.5,94,6,18,114,817,3069,19,17,20,Yes,No,No
451,452,744,Yes,2.2,No,6,Yes,52,0.9,196,4,7,268,600,1571,7,5,18,Yes,Yes,Yes
452,453,583,Yes,1.1,Yes,15,No,24,0.4,168,2,19,301,1111,3260,14,6,14,Yes,Yes,No
453,454,690,No,0.5,No,2,No,62,0.3,88,1,9,633,1240,3206,16,10,19,Yes,No,No
454,455,683,Yes,1.9,Yes,16,Yes,56,0.1,190,1,17,144,585,592,17,9,3,Yes,No,No
455,456,590,No,2.3,Yes,2,No,30,0.3,178,3,14,486,825,1188,18,11,14,Yes,No,Yes
456,457,1266,Yes,1.0,No,0,Yes,2,0.7,87,7,1,640,1357,3067,11,10,16,Yes,No,Yes
457,458,815,Yes,1.8,No,9,No,18,0.9,83,7,12,243,525,2131,17,7,5,No,Yes,No
458,459,1893,Yes,1.5,Yes,0,Yes,42,0.5,179,1,3,1133,1851,1425,19,1,10,Yes,No,No
459,460,1202,No,2.5,Yes,3,No,22,0.4,112,2,8,1900,1959,291,5,2,4,No,No,No
460,461,1577,Yes,1.5,No,16,Yes,3,0.7,180,8,17,523,573,3116,13,6,16,Yes,Yes,No
461,462,1234,No,2.9,No,8,Yes,44,0.8,129,1,12,1783,1891,2440,7,4,19,Yes,Yes,No
462,463,717,No,1.8,No,1,Yes,25,0.4,173,5,8,668,1587,3631,6,5,6,Yes,No,Yes
463,464,1074,Yes,1.5,No,5,No,35,0.6,193,4,13,269,597,1104,16,10,15,No,Yes,No
464,465,1439,Yes,1.2,No,11,Yes,58,0.2,183,1,20,794,1552,3069,17,11,2,Yes,Yes,No
465,466,983,Yes,1.6,No,7,Yes,55,0.4,168,8,8,205,963,1425,14,0,4,Yes,Yes,No
466,467,1988,No,2.5,No,7,Yes,63,0.6,153,4,11,615,937,2276,13,7,11,Yes,No,No
467,468,1692,No,1.3,Yes,0,Yes,25,0.7,149,3,12,1111,1898,3192,9,4,3,Yes,Yes,Yes
468,469,718,Yes,0.5,Yes,2,No,35,0.9,181,4,5,1226,1763,3021,10,4,12,No,No,Yes
469,470,1519,No,0.5,No,0,Yes,36,0.6,93,8,2,661,1852,3082,18,11,9,Yes,No,No
470,471,776,No,3.0,Yes,9,No,9,0.5,110,2,12,584,974,1346,5,2,3,No,No,Yes
471,472,881,Yes,2.8,No,1,No,36,0.5,167,1,6,1381,1444,2354,19,10,5,Yes,Yes,Yes
472,473,1018,No,0.6,Yes,0,Yes,25,0.8,152,7,2,292,616,732,12,8,13,Yes,Yes,No
473,474,1031,Yes,0.5,Yes,2,Yes,31,0.1,82,8,19,737,1404,2305,10,4,4,Yes,Yes,No
474,475,875,No,1.0,No,14,No,37,0.6,151,7,20,1289,1668,2985,6,1,9,Yes,Yes,Yes
475,476,1341,No,1.0,No,5,Yes,40,0.2,128,5,12,1434,1700,265,19,3,3,Yes,Yes,Yes
476,477,560,Yes,2.4,No,4,Yes,5,0.3,106,1,8,1338,1386,2050,18,13,6,Yes,No,No
477,478,1719,No,2.1,No,0,Yes,63,0.7,189,7,2,589,1637,1669,14,0,13,Yes,No,Yes
478,479,1703,No,1.6,No,16,Yes,43,1.0,139,8,17,178,1972,585,13,11,17,Yes,Yes,Yes
479,480,1408,Yes,1.8,No,1,No,59,0.8,168,1,2,716,1470,342,8,0,8,Yes,No,Yes
480,481,701,Yes,0.8,No,3,No,53,0.2,87,4,7,1063,1149,1972,9,8,5,Yes,No,No
481,482,1560,Yes,0.5,No,14,No,47,0.3,172,2,18,910,1908,1540,17,7,3,No,No,No
482,483,695,Yes,1.0,No,4,No,51,0.8,93,5,5,174,538,2463,7,2,4,Yes,Yes,Yes
483,484,1487,No,0.6,No,18,Yes,6,0.8,191,4,19,665,1072,3259,11,9,13,Yes,No,Yes
484,485,1546,Yes,2.7,No,3,No,55,0.2,115,7,14,1425,1594,3371,16,7,15,No,No,Yes
485,486,511,Yes,0.7,No,12,Yes,43,0.4,120,4,15,1291,1583,3370,16,5,6,Yes,No,No
486,487,507,No,1.1,No,5,No,33,0.6,186,1,6,535,897,2884,18,7,7,No,No,No
487,488,1490,Yes,1.1,No,2,No,10,0.6,130,2,7,1357,1826,2994,16,1,8,Yes,No,Yes
488,489,1859,No,0.5,No,0,Yes,52,1.0,187,1,2,651,966,1604,15,12,10,Yes,No,No
489,490,1257,No,1.8,No,3,Yes,31,0.6,155,5,10,1006,1533,2014,15,8,12,Yes,No,No
490,491,926,No,2.7,Yes,0,Yes,29,0.7,118,5,18,349,1594,2709,5,4,18,Yes,No,Yes
491,492,1303,No,0.5,No,2,No,7,0.6,98,4,5,740,1908,2865,17,3,12,No,No,No
492,493,657,No,1.6,Yes,0,No,35,0.6,143,5,14,1189,1545,3617,17,14,14,No,No,Yes
493,494,1812,No,0.9,Yes,9,No,44,0.2,197,3,16,299,1212,3814,9,6,13,Yes,Yes,No
494,495,1943,No,0.5,Yes,0,Yes,29,0.4,121,1,1,440,1126,1990,5,2,11,Yes,Yes,Yes
495,496,1082,Yes,0.9,No,4,Yes,24,0.9,167,7,9,425,761,1428,16,0,12,Yes,Yes,No
496,497,721,Yes,2.6,No,1,No,49,0.6,168,4,8,35,598,3473,15,8,17,No,No,No
497,498,654,Yes,1.5,Yes,2,No,56,0.7,122,1,4,441,520,2609,7,2,16,Yes,Yes,Yes
498,499,1948,Yes,0.7,No,2,No,31,0.4,122,2,7,968,1208,2070,5,3,5,Yes,No,Yes
499,500,1242,No,1.8,Yes,4,Yes,56,0.1,122,1,8,753,1785,2620,18,11,3,Yes,No,Yes
500,501,1453,Yes,0.5,No,0,No,24,0.3,156,1,1,29,1055,1619,11,5,11,Yes,No,Yes
501,502,1948,Yes,2.7,No,3,Yes,13,0.2,164,7,12,336,587,493,18,7,18,Yes,Yes,Yes
502,503,1232,No,0.9,No,5,No,58,1.0,142,6,6,1062,1393,2334,14,8,13,Yes,No,Yes
503,504,795,No,0.5,Yes,4,Yes,55,0.3,155,3,11,226,1737,3030,12,8,17,Yes,Yes,No
504,505,1915,No,0.5,No,4,No,24,0.2,106,4,17,923,1502,345,18,10,20,No,No,Yes
505,506,532,No,0.5,No,7,No,51,0.6,180,7,14,406,1249,1525,7,6,2,No,Yes,Yes
506,507,1899,Yes,0.5,No,4,Yes,28,0.1,95,5,7,781,1418,499,5,3,15,Yes,No,Yes
507,508,1767,No,2.0,No,5,No,31,0.6,88,5,8,461,556,3989,13,8,7,No,Yes,No
508,509,1667,Yes,2.5,No,17,No,5,0.8,119,3,20,211,1797,1496,13,9,12,No,No,No
509,510,1346,No,2.6,Yes,5,No,31,0.3,140,4,11,17,785,1287,10,6,14,Yes,No,Yes
510,511,958,Yes,2.4,No,1,No,54,0.9,166,7,2,121,630,3324,11,10,18,Yes,No,Yes
511,512,1391,No,1.5,Yes,6,Yes,39,0.9,88,3,18,491,1737,2367,18,11,12,Yes,Yes,No
512,513,1176,Yes,2.3,No,0,No,56,0.7,103,2,1,93,518,2974,6,5,11,Yes,No,Yes
513,514,1863,No,1.0,Yes,5,Yes,16,0.4,113,2,19,261,684,990,6,5,13,Yes,No,No
514,515,1911,No,1.1,Yes,3,Yes,16,0.7,154,7,4,236,1568,3665,14,12,4,Yes,Yes,No
515,516,1789,Yes,1.8,Yes,6,Yes,36,0.5,123,6,11,418,1740,815,5,0,9,Yes,Yes,No
516,517,972,Yes,1.6,No,2,No,64,0.1,85,1,9,550,890,2759,13,7,10,Yes,No,No
517,518,1256,No,0.5,No,3,No,8,0.4,191,1,9,396,644,2991,7,6,19,Yes,Yes,No
518,519,1846,No,1.3,Yes,0,No,35,0.7,107,6,0,1336,1432,581,16,4,10,Yes,No,Yes
519,520,1900,No,1.4,No,0,No,41,0.4,112,8,1,342,778,3611,14,1,6,Yes,No,No
520,521,769,Yes,0.6,Yes,19,Yes,52,0.7,118,4,20,263,1786,431,15,4,19,Yes,No,No
521,522,756,No,1.0,No,0,No,33,0.2,177,1,3,506,573,3402,19,0,3,Yes,Yes,No
522,523,1728,No,2.3,Yes,0,Yes,43,0.7,152,1,0,1029,1535,3480,11,8,20,Yes,Yes,No
523,524,1970,No,2.9,No,3,Yes,9,0.2,163,2,7,110,1454,768,13,2,16,Yes,No,No
524,525,1021,No,2.1,Yes,6,Yes,47,0.3,173,6,18,224,1360,2215,13,12,2,Yes,Yes,Yes
525,526,888,No,2.5,Yes,5,No,14,0.9,98,5,17,891,1432,1849,5,1,11,No,Yes,No
526,527,1419,No,0.5,No,0,No,39,0.2,189,7,1,727,1132,3435,9,2,6,No,No,No
527,528,1959,Yes,0.5,No,0,No,30,0.1,153,3,1,901,1027,3057,14,1,18,Yes,No,No
528,529,1394,No,0.6,No,1,No,63,0.4,103,6,2,1152,1245,1731,19,18,16,Yes,No,No
529,530,1715,Yes,2.5,Yes,2,Yes,30,0.9,134,7,3,1853,1971,768,19,9,15,Yes,No,No
530,531,588,No,2.9,Yes,1,No,40,0.3,116,6,5,185,923,2780,5,2,14,No,Yes,No
531,532,1607,Yes,0.5,Yes,2,Yes,29,0.7,105,2,9,243,1234,3469,10,1,15,Yes,No,No
532,533,1171,Yes,2.8,No,8,Yes,47,0.4,192,1,11,371,674,3092,8,2,5,Yes,No,Yes
533,534,1138,No,1.5,Yes,0,No,57,0.2,85,4,6,1315,1569,313,16,11,20,Yes,Yes,No
534,535,1096,No,1.2,Yes,3,No,40,0.6,113,4,13,614,1757,2931,10,8,14,Yes,No,No
535,536,906,No,3.0,No,10,Yes,14,0.5,83,8,15,176,641,1761,17,11,12,Yes,Yes,No
536,537,740,No,3.0,Yes,0,Yes,47,0.7,166,3,5,417,596,3578,15,5,20,Yes,Yes,Yes
537,538,1435,Yes,0.5,Yes,10,Yes,62,0.1,150,4,14,453,664,369,8,1,4,Yes,No,Yes
538,539,1745,Yes,1.2,No,3,Yes,21,0.2,89,3,14,202,1670,3507,18,1,20,Yes,Yes,Yes
539,540,1995,No,2.6,Yes,2,Yes,4,0.8,171,2,20,1133,1972,3452,6,3,19,Yes,Yes,No
540,541,1813,No,1.8,Yes,10,Yes,28,0.5,159,2,14,1655,1899,981,15,14,14,Yes,No,Yes
541,542,1719,Yes,1.9,Yes,2,No,40,0.1,118,3,12,658,1778,2534,10,6,5,No,Yes,Yes
542,543,812,No,0.5,Yes,1,Yes,17,0.6,182,7,11,595,891,3248,13,10,14,Yes,No,No
543,544,987,Yes,2.9,No,0,Yes,63,0.3,154,7,6,150,1623,2646,12,1,6,Yes,Yes,Yes
544,545,977,Yes,0.7,No,5,No,50,0.5,106,3,6,1124,1758,3454,15,14,19,Yes,No,Yes
545,546,1289,Yes,0.7,No,0,No,7,0.1,99,2,18,489,565,375,5,1,19,No,Yes,Yes
546,547,1125,Yes,0.5,No,3,No,42,0.9,158,1,20,647,751,1622,13,0,9,No,Yes,Yes
547,548,1733,Yes,1.9,Yes,14,No,28,0.8,104,3,15,749,1203,2246,18,6,12,Yes,Yes,No
548,549,1333,Yes,1.2,Yes,1,No,35,0.9,198,1,4,477,651,3816,18,7,9,No,Yes,Yes
549,550,964,Yes,3.0,Yes,3,Yes,48,0.9,131,6,13,829,1154,1597,15,7,18,Yes,Yes,Yes
550,551,1613,No,1.3,No,1,Yes,24,0.4,195,2,5,1141,1590,3733,15,5,5,Yes,No,Yes
551,552,1123,Yes,1.2,No,1,No,8,0.6,171,4,4,1096,1152,2877,17,9,12,No,Yes,No
552,553,1913,Yes,2.8,No,0,Yes,7,0.3,136,4,16,612,1108,3227,6,0,4,Yes,No,Yes
553,554,1302,No,0.5,No,3,Yes,20,0.6,184,7,7,1099,1202,1446,8,6,16,Yes,No,Yes
554,555,797,No,1.4,Yes,0,Yes,9,0.1,104,1,14,1515,1812,1043,13,11,13,Yes,Yes,No
555,556,1074,Yes,1.5,Yes,5,No,9,0.1,174,2,7,41,756,1649,16,3,3,No,Yes,No
556,557,1411,Yes,2.6,No,0,No,61,0.3,165,5,3,1128,1959,483,16,5,4,Yes,Yes,No
557,558,1502,Yes,2.2,Yes,0,Yes,16,0.5,187,5,1,492,750,3712,9,2,16,Yes,Yes,Yes
558,559,983,Yes,1.5,No,1,No,22,0.1,170,4,20,1542,1765,1694,19,15,8,Yes,No,Yes
559,560,1457,No,0.5,Yes,7,No,8,0.3,120,7,13,786,1032,584,13,4,10,Yes,No,No
560,561,1315,Yes,0.9,No,3,Yes,40,0.6,162,6,6,1272,1316,3431,8,2,20,Yes,Yes,No
561,562,1514,No,0.7,No,11,No,11,0.2,187,5,17,656,1451,2315,13,0,5,No,No,No
562,563,1604,Yes,0.5,Yes,0,Yes,63,0.8,169,5,1,399,1360,3870,16,13,19,Yes,Yes,Yes
563,564,1919,No,0.6,Yes,11,Yes,63,0.9,109,8,20,771,1829,2205,9,4,8,Yes,Yes,No
564,565,1152,Yes,3.0,No,2,No,44,1.0,80,3,4,567,1802,986,7,5,8,No,No,Yes
565,566,664,Yes,2.9,No,10,Yes,40,0.1,173,5,15,1002,1260,3366,8,4,5,Yes,Yes,No
566,567,1848,No,0.5,No,9,No,36,0.1,174,6,10,317,540,3380,10,2,17,No,No,No
567,568,1319,No,2.0,Yes,9,Yes,28,0.8,178,1,19,1080,1886,3095,7,1,17,Yes,Yes,Yes
568,569,1189,Yes,2.5,No,4,Yes,20,0.3,171,7,9,1321,1717,2509,17,7,15,Yes,No,No
569,570,1130,Yes,1.3,Yes,1,Yes,59,0.8,98,6,4,185,555,3785,17,4,5,Yes,No,Yes
570,571,654,Yes,1.3,Yes,11,No,5,0.7,199,4,14,208,1975,3801,14,13,9,Yes,Yes,Yes
571,572,727,Yes,0.5,Yes,0,Yes,42,0.1,163,8,1,44,757,2039,5,0,19,Yes,Yes,Yes
572,573,1688,No,0.9,Yes,7,Yes,53,0.3,88,6,16,598,695,2156,5,4,20,Yes,Yes,No
573,574,1275,No,0.5,No,1,No,44,0.6,136,8,2,11,1130,1354,7,5,11,Yes,No,No
574,575,1108,Yes,2.2,Yes,3,Yes,37,0.4,143,5,14,97,706,3094,6,1,10,Yes,No,Yes
575,576,839,Yes,2.7,No,4,No,37,0.7,93,2,7,43,1211,3505,5,1,4,No,No,No
576,577,1464,No,0.5,Yes,1,Yes,6,0.4,97,5,2,303,701,3725,9,1,6,Yes,No,No
577,578,750,Yes,1.3,No,0,No,33,0.8,156,1,0,645,1680,1422,6,5,7,Yes,Yes,No
578,579,1749,No,1.1,No,9,No,57,0.6,183,3,15,415,589,786,8,1,9,Yes,Yes,Yes
579,580,1229,Yes,0.5,No,2,No,42,0.1,197,5,5,126,666,1712,11,9,15,Yes,Yes,Yes
580,581,1506,Yes,2.9,Yes,19,Yes,47,0.6,130,7,20,126,1150,1522,5,1,3,Yes,No,No
581,582,1887,No,2.1,No,0,No,23,0.5,148,4,20,837,1504,1811,18,16,11,Yes,Yes,No
582,583,652,No,0.5,No,6,No,3,0.6,193,1,8,1036,1345,2807,19,17,13,Yes,No,Yes
583,584,1422,Yes,2.8,No,7,No,30,0.5,99,6,14,207,1038,2229,15,5,15,Yes,No,Yes
584,585,709,No,1.9,Yes,10,No,63,0.3,150,4,14,345,601,1509,7,2,7,Yes,Yes,No
585,586,583,No,0.5,Yes,1,Yes,62,0.8,84,8,6,717,1717,886,13,2,13,Yes,Yes,No
586,587,941,No,1.3,Yes,3,No,26,0.4,128,3,5,994,1494,2875,6,3,11,Yes,No,Yes
587,588,763,No,1.2,Yes,4,Yes,59,0.6,119,1,17,724,737,2863,18,3,17,Yes,No,Yes
588,589,1581,Yes,1.4,No,0,Yes,55,0.6,138,2,1,890,1980,3936,5,1,3,Yes,No,No
589,590,1045,No,1.5,Yes,5,No,25,0.3,83,2,10,440,1730,2267,18,4,4,Yes,Yes,Yes
590,591,1308,Yes,0.5,Yes,0,No,34,0.5,169,5,0,432,1219,386,8,0,16,Yes,No,Yes
591,592,702,Yes,1.2,Yes,1,No,38,1.0,82,5,7,2,1152,3131,11,9,2,No,No,No
592,593,868,Yes,2.8,No,4,Yes,36,0.2,175,7,13,123,1735,1655,12,10,5,Yes,No,No
593,594,877,Yes,2.3,Yes,16,No,12,0.9,107,4,20,568,1267,3730,14,3,18,No,No,Yes
594,595,1275,No,0.5,Yes,5,No,24,0.3,184,2,11,299,1239,3397,19,15,19,Yes,Yes,Yes
595,596,1439,Yes,0.5,Yes,0,No,50,0.7,182,8,1,559,1573,805,8,5,13,No,No,Yes
596,597,510,No,1.3,Yes,0,Yes,15,0.5,131,1,1,268,1505,2187,5,4,17,Yes,No,Yes
597,598,1038,Yes,1.8,No,1,Yes,42,0.2,150,6,11,79,1186,3984,14,9,20,Yes,No,No
598,599,529,Yes,1.4,Yes,13,Yes,32,0.7,139,2,17,797,878,1561,12,0,3,Yes,Yes,Yes
599,600,1203,Yes,1.7,No,8,Yes,20,0.7,157,3,17,1153,1688,2307,7,5,11,Yes,No,Yes
600,601,768,Yes,2.5,No,10,No,13,0.2,133,4,18,520,575,1921,8,2,16,Yes,No,Yes
601,602,1780,Yes,1.5,Yes,2,No,30,0.2,82,1,8,324,1461,1066,13,6,13,No,No,Yes
602,603,1021,Yes,0.9,Yes,2,Yes,9,0.5,184,8,4,490,1647,773,13,2,14,Yes,Yes,Yes
603,604,1334,No,1.2,Yes,0,No,35,0.1,199,2,1,158,971,1038,16,14,17,Yes,No,No
604,605,1153,Yes,0.5,No,2,Yes,34,0.6,133,3,3,1788,1886,2225,9,8,8,Yes,No,Yes
605,606,1138,Yes,1.8,Yes,0,Yes,51,0.3,172,4,2,1162,1794,1327,13,12,4,Yes,Yes,Yes
606,607,1263,No,2.3,No,13,No,4,0.9,178,7,18,508,1047,668,14,3,4,No,Yes,No
607,608,825,No,2.5,No,11,No,56,0.7,173,3,20,783,960,1692,18,1,19,No,Yes,No
608,609,1894,Yes,0.5,Yes,10,No,16,0.1,172,3,20,1634,1937,1021,18,17,16,Yes,Yes,No
609,610,1383,No,1.7,No,11,Yes,40,0.1,147,6,19,487,507,2510,18,9,19,Yes,Yes,No
610,611,837,Yes,1.1,Yes,2,No,27,0.5,167,4,9,551,1784,2388,5,0,14,No,Yes,Yes
611,612,640,No,2.3,No,0,No,63,0.2,94,1,1,1816,1869,346,10,7,10,No,Yes,No
612,613,1194,Yes,2.2,Yes,3,No,3,0.2,90,5,8,46,1288,2872,6,5,13,Yes,Yes,No
613,614,520,No,0.6,Yes,2,Yes,44,0.6,127,3,9,12,914,3616,15,4,18,Yes,No,No
614,615,942,Yes,2.5,No,6,No,11,0.5,196,5,19,451,1310,1783,7,5,18,Yes,Yes,Yes
615,616,558,Yes,2.2,No,5,Yes,24,0.1,169,4,16,447,804,482,12,4,4,Yes,Yes,No
616,617,1733,No,1.6,Yes,9,No,56,0.5,111,6,15,633,1649,3352,6,5,9,Yes,No,No
617,618,1210,No,1.3,No,0,Yes,52,0.1,183,8,1,567,579,1104,11,2,10,Yes,No,Yes
618,619,880,No,0.5,Yes,7,Yes,32,0.5,141,4,17,346,739,1141,19,17,20,Yes,Yes,Yes
619,620,1938,Yes,1.4,Yes,4,No,60,0.4,171,2,7,76,1084,3691,9,5,3,Yes,Yes,No
620,621,657,No,1.3,Yes,4,No,28,1.0,118,2,19,1444,1735,2602,9,0,7,No,No,Yes
621,622,1273,No,0.5,Yes,6,Yes,47,0.2,98,1,12,685,1352,303,11,2,14,Yes,No,No
622,623,1842,Yes,0.5,No,0,Yes,19,0.2,147,3,0,565,709,585,11,3,19,Yes,No,No
623,624,1567,Yes,1.3,No,8,No,45,0.6,99,4,12,870,1020,927,19,9,12,Yes,Yes,Yes
624,625,914,Yes,1.7,Yes,6,No,36,1.0,128,2,13,1032,1822,786,19,8,13,Yes,No,Yes
625,626,1568,No,1.8,Yes,4,No,22,0.1,119,8,6,661,1584,294,13,2,2,No,Yes,No
626,627,873,Yes,0.5,No,4,Yes,30,0.2,175,6,18,237,1531,3655,15,13,15,Yes,No,No
627,628,1371,No,0.5,No,0,Yes,57,0.8,108,4,5,352,810,286,11,9,9,Yes,No,No
628,629,1739,No,1.0,No,1,No,15,0.9,100,1,7,426,793,3285,17,8,9,No,Yes,No
629,630,630,No,2.2,No,1,No,56,0.2,119,8,10,1329,1445,1317,6,5,12,Yes,Yes,No
630,631,1507,No,3.0,No,0,Yes,54,0.3,112,6,9,346,1511,3547,17,6,18,Yes,No,Yes
631,632,735,Yes,0.5,Yes,4,Yes,17,0.6,131,2,6,610,1283,2484,11,2,3,Yes,No,No
632,633,941,No,2.5,No,1,Yes,41,0.3,117,8,4,652,1855,1791,7,4,10,Yes,No,Yes
633,634,1216,No,1.7,Yes,1,No,26,0.7,116,3,4,957,1811,3607,10,0,17,Yes,No,No
634,635,621,Yes,1.9,Yes,10,No,3,0.6,148,8,15,972,997,3521,6,3,10,No,Yes,No
635,636,934,Yes,2.4,Yes,3,No,61,0.2,138,6,4,10,613,1180,14,12,16,No,Yes,No
636,637,1962,Yes,0.7,Yes,1,Yes,18,0.9,159,7,6,282,507,2026,10,3,15,Yes,No,Yes
637,638,574,Yes,0.5,Yes,0,No,41,0.8,85,6,13,288,502,1865,6,5,6,No,No,Yes
638,639,1078,Yes,2.5,No,3,No,56,0.6,158,2,6,257,1986,3471,10,2,2,Yes,No,No
639,640,761,No,1.3,No,15,Yes,37,0.9,174,8,16,867,1978,2270,9,1,4,Yes,Yes,No
640,641,1758,Yes,2.1,No,14,No,29,0.1,155,3,20,60,1151,2940,14,5,9,No,Yes,Yes
641,642,1745,Yes,2.0,No,13,No,47,0.6,154,2,18,1017,1953,1715,6,4,16,No,Yes,Yes
642,643,1657,Yes,1.9,No,1,Yes,40,0.2,170,3,6,518,1723,841,13,10,13,Yes,No,Yes
643,644,968,Yes,0.9,No,10,Yes,26,0.5,88,5,14,954,1159,3381,14,5,10,Yes,No,Yes
644,645,1329,No,2.8,Yes,1,No,10,1.0,105,4,10,871,1293,337,5,4,5,No,Yes,No
645,646,1923,No,0.5,No,2,Yes,13,0.7,147,2,4,927,1623,1868,11,6,3,Yes,Yes,No
646,647,613,No,2.5,No,0,No,53,0.4,200,8,0,519,586,1509,19,18,13,Yes,Yes,Yes
647,648,1268,No,2.7,No,4,No,53,0.5,141,1,9,682,862,2903,17,0,16,No,Yes,No
648,649,519,Yes,2.9,No,2,No,3,0.6,83,3,5,491,1527,1231,8,6,16,Yes,Yes,Yes
649,650,1157,Yes,2.8,Yes,16,No,19,0.5,87,8,18,137,1154,1403,6,1,4,Yes,Yes,Yes
650,651,519,No,0.6,Yes,7,Yes,45,0.1,186,7,11,1248,1733,1580,12,10,12,Yes,No,Yes
651,652,1308,Yes,2.2,Yes,1,No,51,0.2,113,5,17,1471,1604,1189,14,1,11,No,Yes,No
652,653,1403,Yes,0.5,No,4,Yes,42,0.5,144,8,9,1156,1252,1381,12,7,3,Yes,No,Yes
653,654,936,No,2.7,No,2,Yes,38,0.6,122,1,17,766,1263,2826,19,15,10,Yes,No,No
654,655,1878,No,0.8,Yes,8,No,31,0.5,183,7,10,1369,1389,1342,17,14,18,No,Yes,Yes
655,656,1141,Yes,2.9,Yes,1,Yes,2,1.0,92,2,4,456,1387,3386,6,0,11,Yes,No,No
656,657,794,Yes,2.7,No,2,Yes,3,0.3,127,2,18,1559,1729,1141,18,6,3,Yes,No,Yes
657,658,1260,No,1.9,Yes,3,No,60,0.9,85,2,6,973,1109,3964,15,8,18,Yes,No,Yes
658,659,1281,No,3.0,Yes,2,Yes,6,0.6,191,2,9,363,811,2713,13,7,4,Yes,Yes,No
659,660,1208,No,2.7,No,0,No,17,0.2,168,2,1,1686,1793,2165,9,1,19,Yes,Yes,Yes
660,661,1023,Yes,2.8,Yes,16,No,44,0.7,176,4,17,629,1158,1830,14,11,6,No,No,No
661,662,1515,No,2.2,No,9,No,36,0.1,118,3,10,796,1692,3546,7,6,10,Yes,Yes,Yes
662,663,1333,Yes,1.8,Yes,1,No,45,0.6,128,5,5,557,1716,2585,7,1,13,Yes,Yes,Yes
663,664,529,Yes,2.3,No,3,Yes,58,1.0,197,2,18,658,1294,873,11,5,4,Yes,Yes,No
664,665,1887,No,1.7,No,6,Yes,41,0.9,81,8,15,939,973,1664,19,14,14,Yes,No,No
665,666,876,No,2.7,No,12,Yes,41,0.3,92,7,16,140,512,3334,16,3,14,Yes,No,Yes
666,667,687,Yes,2.0,Yes,13,Yes,56,0.8,131,7,19,580,736,569,18,1,6,Yes,Yes,Yes
667,668,1153,Yes,2.8,Yes,0,Yes,62,0.2,94,5,0,186,1279,3353,7,5,10,Yes,No,No
668,669,1637,Yes,1.7,Yes,5,Yes,33,0.4,118,6,16,1375,1474,3693,7,3,8,Yes,No,No
669,670,1131,Yes,0.8,No,0,Yes,27,0.9,162,5,16,487,870,503,12,5,19,Yes,Yes,No
670,671,1764,Yes,1.2,No,0,Yes,8,1.0,125,3,1,180,1443,2406,19,18,18,Yes,No,Yes
671,672,1544,No,1.0,Yes,2,Yes,64,0.3,193,1,6,595,675,1715,8,0,16,Yes,Yes,Yes
672,673,844,Yes,0.7,No,3,Yes,22,0.9,172,7,4,241,926,2179,10,6,6,Yes,Yes,Yes
673,674,985,Yes,0.5,Yes,4,Yes,5,0.8,158,8,9,19,1496,3071,14,4,16,Yes,Yes,No
674,675,703,No,1.3,Yes,6,Yes,18,0.1,178,1,9,1182,1697,355,8,6,3,Yes,Yes,Yes
675,676,1906,No,0.9,Yes,3,No,14,0.5,114,4,12,199,867,3375,6,3,19,Yes,No,Yes
676,677,617,No,2.1,Yes,11,No,40,0.9,108,1,18,659,1318,2921,17,1,19,No,No,No
677,678,617,Yes,0.6,No,7,No,47,0.5,153,8,18,356,838,341,11,3,5,No,Yes,Yes
678,679,716,Yes,1.3,Yes,0,Yes,56,0.7,167,1,2,390,722,3947,6,3,5,Yes,Yes,Yes
679,680,676,No,1.0,No,1,Yes,54,0.8,182,5,2,805,1710,2650,5,0,3,Yes,No,No
680,681,1770,Yes,2.0,No,8,No,12,0.8,118,2,9,57,891,3816,8,4,19,Yes,No,No
681,682,1857,No,1.9,Yes,0,No,62,0.6,147,1,0,1028,1465,336,19,0,5,No,No,No
682,683,524,No,0.9,Yes,8,Yes,10,0.1,85,7,14,287,655,625,6,0,4,Yes,Yes,Yes
683,684,576,No,0.9,Yes,8,No,56,0.1,174,5,17,1371,1426,3891,12,9,18,No,No,Yes
684,685,553,Yes,0.5,Yes,2,Yes,8,0.5,153,4,3,525,1601,1042,15,11,15,Yes,No,Yes
685,686,1012,Yes,2.2,Yes,10,Yes,8,1.0,181,3,12,1176,1496,2141,18,14,15,Yes,Yes,No
686,687,823,No,2.5,No,11,Yes,24,0.5,195,5,15,1364,1516,2279,6,4,3,Yes,No,Yes
687,688,1928,No,0.5,Yes,5,No,44,0.9,109,8,19,701,1156,3828,9,4,12,Yes,No,No
688,689,804,No,1.5,No,5,Yes,12,1.0,183,1,10,1805,1978,2310,10,8,13,Yes,No,No
689,690,1517,No,1.6,Yes,0,Yes,42,0.7,101,3,1,483,1814,2162,9,0,18,Yes,Yes,No
690,691,1500,No,2.8,Yes,7,No,39,0.1,176,8,11,808,1889,1988,10,6,10,Yes,No,No
691,692,1425,Yes,1.2,No,4,Yes,37,0.7,135,7,6,666,1220,2786,17,1,19,Yes,No,No
692,693,547,No,2.4,Yes,4,Yes,3,0.4,197,8,5,98,1506,1972,11,5,3,Yes,Yes,No
693,694,1886,No,3.0,No,13,Yes,26,0.5,115,1,17,339,1670,1828,5,3,15,Yes,Yes,No
694,695,1804,Yes,0.5,No,1,Yes,4,0.5,111,1,13,1235,1255,3286,17,8,17,Yes,No,No
695,696,685,No,2.2,Yes,2,Yes,2,0.4,172,3,6,295,558,1282,7,6,10,Yes,Yes,Yes
696,697,1352,No,0.5,Yes,8,Yes,22,0.9,111,2,12,346,682,1562,16,5,11,Yes,No,No
697,698,1785,Yes,2.5,No,0,No,18,0.1,180,4,1,116,518,1202,12,4,18,No,No,Yes
698,699,1300,No,1.9,Yes,4,No,61,0.5,143,6,5,353,758,2262,16,11,10,No,No,No
699,700,1184,Yes,2.1,No,2,Yes,33,0.5,199,8,5,483,1598,2828,6,4,15,Yes,Yes,Yes
700,701,1180,No,2.3,Yes,7,Yes,24,0.2,198,2,16,486,1671,2025,8,0,19,Yes,No,No
701,702,886,Yes,0.9,Yes,13,Yes,2,0.6,102,4,15,287,695,621,11,4,7,Yes,Yes,No
702,703,1309,No,1.5,No,9,Yes,12,0.9,98,6,20,871,1484,293,15,0,9,Yes,Yes,No
703,704,744,No,0.5,No,1,No,38,0.3,188,3,5,846,1701,2001,15,13,17,Yes,Yes,No
704,705,1408,Yes,2.0,Yes,1,Yes,59,0.9,172,6,3,744,1211,393,15,11,16,Yes,No,Yes
705,706,734,Yes,2.7,Yes,1,Yes,32,0.8,93,8,5,138,1042,714,13,7,16,Yes,No,Yes
706,707,500,No,1.4,No,0,No,28,0.4,128,3,1,1010,1854,3460,9,3,3,Yes,Yes,Yes
707,708,1745,No,2.8,Yes,0,No,45,0.7,186,1,0,699,766,1019,6,4,5,No,Yes,No
708,709,1296,Yes,1.0,Yes,6,No,43,0.2,171,3,13,501,609,1692,15,0,18,Yes,No,No
709,710,1256,No,0.5,No,15,Yes,51,0.6,83,2,18,436,1308,2213,13,9,12,Yes,Yes,No
710,711,782,Yes,1.8,Yes,8,No,20,0.6,109,5,19,406,1025,655,17,4,13,No,Yes,No
711,712,965,Yes,0.8,No,5,No,24,0.7,105,4,7,403,718,1567,5,0,8,No,No,No
712,713,652,Yes,2.9,Yes,4,Yes,14,0.2,196,6,18,248,1487,1706,12,4,5,Yes,No,No
713,714,1847,No,2.8,Yes,6,No,29,0.7,112,7,13,1236,1374,1017,16,7,11,Yes,Yes,No
714,715,1363,Yes,2.1,Yes,9,Yes,46,0.5,120,4,19,1247,1338,2951,7,0,3,Yes,No,No
715,716,1946,No,0.5,No,0,Yes,39,0.4,112,5,1,198,1045,533,18,14,17,Yes,Yes,Yes
716,717,1701,Yes,1.6,Yes,2,Yes,53,0.8,88,6,14,1281,1776,3340,14,11,19,Yes,Yes,No
717,718,1754,Yes,0.5,Yes,13,No,38,0.9,83,6,20,141,808,2765,6,4,7,Yes,Yes,No
718,719,1938,No,2.9,No,0,Yes,37,1.0,94,4,1,1001,1714,3881,5,1,14,Yes,Yes,No
719,720,992,Yes,2.6,Yes,10,No,52,0.3,107,7,12,663,1521,332,14,9,7,No,No,Yes
720,721,897,No,2.4,Yes,7,Yes,38,0.8,110,2,9,1610,1612,519,6,5,7,Yes,Yes,No
721,722,1423,Yes,0.5,Yes,7,No,58,0.9,112,3,9,993,1295,1683,15,13,16,No,Yes,Yes
722,723,1343,No,0.5,Yes,6,Yes,23,0.4,97,5,17,643,817,2629,13,7,11,Yes,No,Yes
723,724,761,Yes,2.6,No,5,Yes,52,0.8,141,3,18,883,985,2587,11,5,6,Yes,Yes,Yes
724,725,1742,No,1.4,Yes,3,Yes,20,0.1,134,8,6,392,831,1828,18,7,13,Yes,Yes,Yes
725,726,1181,Yes,0.8,Yes,0,Yes,51,0.9,198,5,5,71,586,608,15,10,19,Yes,No,No
726,727,1754,No,1.7,Yes,1,Yes,58,0.9,197,3,17,823,1035,1446,18,3,2,Yes,Yes,Yes
727,728,1315,Yes,0.5,Yes,0,Yes,58,0.8,86,2,3,245,1064,2258,17,2,16,Yes,Yes,No
728,729,649,No,2.9,No,0,No,38,0.5,130,1,10,893,1185,558,8,4,11,Yes,Yes,Yes
729,730,1967,Yes,0.6,No,2,No,25,1.0,109,6,9,108,751,1666,9,7,18,Yes,Yes,Yes
730,731,926,No,1.7,No,2,No,12,0.8,179,2,9,801,880,2244,14,8,14,No,No,Yes
731,732,933,No,1.8,Yes,9,No,33,0.2,191,8,19,129,925,758,14,13,8,No,No,No
732,733,913,No,1.7,Yes,12,No,58,0.2,200,5,14,849,1993,1061,17,12,5,No,No,No
733,734,1651,No,0.5,No,1,Yes,57,0.2,193,1,6,697,924,3421,9,0,15,Yes,Yes,Yes
734,735,1154,Yes,1.7,No,5,Yes,42,0.5,117,5,7,1068,1851,3950,17,14,19,Yes,Yes,No
735,736,1181,Yes,1.6,Yes,5,Yes,32,0.2,181,1,16,450,623,1435,11,10,13,Yes,Yes,No
736,737,1933,No,0.5,Yes,0,No,63,0.4,181,8,6,242,668,3142,14,3,16,Yes,Yes,Yes
737,738,1341,No,1.4,No,8,Yes,38,1.0,170,5,10,601,937,1579,16,4,19,Yes,No,Yes
738,739,534,Yes,1.5,Yes,3,Yes,3,0.3,89,1,8,45,517,2987,18,0,16,Yes,No,Yes
739,740,1324,Yes,0.9,Yes,7,Yes,28,0.7,95,6,8,1243,1928,3269,12,3,19,Yes,Yes,Yes
740,741,1803,Yes,2.6,No,7,Yes,9,0.9,112,2,12,156,1289,406,9,3,5,Yes,No,No
741,742,1888,Yes,2.7,No,1,Yes,53,0.1,146,4,3,81,630,1604,10,6,6,Yes,Yes,Yes
742,743,1540,No,1.0,No,4,Yes,40,0.4,162,5,7,93,1644,793,12,7,3,Yes,No,No
743,744,1590,Yes,2.4,No,5,No,15,0.9,157,8,6,945,1015,1983,13,10,11,Yes,No,No
744,745,1183,No,0.5,Yes,11,No,24,0.6,130,2,16,19,769,2637,16,1,6,Yes,Yes,Yes
745,746,1774,Yes,0.5,Yes,1,No,45,0.8,145,4,16,217,1159,879,10,0,3,No,No,No
746,747,1159,No,2.1,No,2,Yes,27,0.7,137,1,15,1526,1805,3258,8,0,2,Yes,No,No
747,748,723,Yes,1.9,Yes,0,Yes,10,0.5,159,1,3,303,779,2380,12,4,16,Yes,No,No
748,749,543,No,0.9,No,3,Yes,6,0.4,91,1,9,272,1317,564,8,5,12,Yes,No,Yes
749,750,1348,Yes,0.5,Yes,18,No,40,0.1,148,1,20,539,665,3543,12,1,11,No,No,No
750,751,1836,No,0.6,No,18,Yes,57,0.8,111,5,20,169,876,1039,5,3,8,Yes,Yes,Yes
751,752,1290,No,1.3,No,0,No,31,0.7,117,8,0,599,750,1895,11,9,12,No,Yes,Yes
752,753,645,Yes,2.9,Yes,3,No,5,0.1,185,3,6,446,1573,1315,11,1,4,Yes,No,No
753,754,1654,No,2.0,No,2,No,58,0.7,119,7,3,460,1733,2801,8,0,5,Yes,No,No
754,755,1156,Yes,2.3,Yes,0,Yes,3,1.0,95,2,0,1094,1518,3786,11,1,2,Yes,Yes,No
755,756,1341,Yes,2.6,No,4,No,43,0.4,194,6,8,1096,1683,3065,6,5,11,No,Yes,No
756,757,1427,No,0.6,No,8,Yes,40,0.8,121,8,12,249,1541,2338,10,8,4,Yes,No,No
757,758,1541,No,1.6,No,1,Yes,7,0.5,143,8,14,287,1791,3137,9,0,11,Yes,Yes,No
758,759,1693,Yes,1.4,No,9,No,41,0.1,139,2,17,181,1760,575,16,5,20,No,No,Yes
759,760,1567,No,3.0,No,13,No,23,0.6,178,3,18,995,1215,3600,16,11,9,Yes,Yes,Yes
760,761,1564,No,1.7,No,5,No,35,0.9,173,4,6,186,1210,2545,18,6,4,Yes,Yes,Yes
761,762,1787,No,1.1,No,4,No,11,0.4,103,7,9,35,757,541,14,11,13,Yes,Yes,Yes
762,763,770,Yes,0.6,No,12,Yes,33,0.4,90,2,14,128,657,1686,18,2,18,Yes,No,Yes
763,764,1748,Yes,0.8,No,1,No,7,0.5,189,7,4,196,802,989,12,7,8,No,Yes,No
764,765,1859,No,0.5,Yes,0,Yes,47,0.1,85,7,0,35,1706,2691,14,13,19,Yes,No,Yes
765,766,975,Yes,0.9,No,5,No,6,0.6,163,6,17,769,1669,3787,8,7,18,No,No,No
766,767,1597,No,0.9,Yes,2,Yes,10,0.6,172,7,5,1455,1670,2138,12,7,18,Yes,No,No
767,768,1941,No,2.3,Yes,9,No,42,0.7,108,4,12,36,726,763,13,3,14,No,Yes,Yes
768,769,1061,No,2.6,Yes,6,No,49,0.6,133,7,20,1009,1222,2260,19,16,2,No,No,Yes
769,770,1620,Yes,2.0,Yes,7,Yes,11,0.5,191,4,11,495,1668,1732,13,2,13,Yes,No,Yes
770,771,1366,Yes,1.3,No,5,No,51,1.0,129,3,15,875,1760,2716,17,15,2,No,Yes,No
771,772,1324,No,1.7,Yes,9,No,46,0.1,107,2,19,59,553,1424,16,7,13,Yes,No,No
772,773,1363,Yes,2.6,Yes,1,Yes,39,0.2,129,5,2,550,1248,267,6,1,15,Yes,Yes,No
773,774,1570,Yes,2.8,No,0,Yes,18,0.4,148,5,13,509,544,3153,6,2,7,Yes,Yes,Yes
774,775,1524,No,2.1,Yes,6,Yes,64,0.4,83,5,16,351,592,2905,6,1,2,Yes,Yes,Yes
775,776,1179,No,2.1,No,0,No,2,0.3,93,3,0,481,536,1435,19,13,2,No,Yes,No
776,777,1555,No,0.5,Yes,8,Yes,2,0.9,90,2,11,57,516,3596,11,6,6,Yes,Yes,Yes
777,778,981,Yes,0.5,Yes,1,No,15,0.5,159,5,10,74,1485,1831,17,10,7,Yes,Yes,Yes
778,779,1920,Yes,2.5,No,6,Yes,8,0.4,194,1,7,588,1125,2099,10,5,4,Yes,Yes,Yes
779,780,1470,No,0.5,No,0,No,54,0.1,84,6,1,556,1512,1790,16,7,19,No,Yes,Yes
780,781,1986,No,0.8,No,5,Yes,13,0.2,108,8,7,757,1962,1190,7,5,17,Yes,Yes,No
781,782,1371,No,2.8,Yes,2,Yes,19,0.6,94,4,3,1023,1676,1767,6,1,8,Yes,No,Yes
782,783,1852,No,1.6,Yes,5,Yes,25,0.1,85,3,15,588,1353,3199,8,4,4,Yes,No,No
783,784,1472,No,1.4,Yes,7,No,6,0.1,182,8,10,861,1131,1621,17,0,19,Yes,No,Yes
784,785,1055,Yes,1.2,Yes,18,Yes,29,0.8,101,6,19,159,579,2364,13,3,3,Yes,Yes,Yes
785,786,1371,Yes,2.1,Yes,0,No,3,0.3,173,2,12,35,785,2202,15,14,5,Yes,Yes,Yes
786,787,782,No,1.1,No,0,Yes,38,0.4,199,7,2,349,1910,2753,14,13,20,Yes,No,Yes
787,788,1452,Yes,0.9,Yes,6,Yes,36,0.5,82,5,12,667,1680,1005,12,4,15,Yes,No,Yes
788,789,519,Yes,2.0,Yes,11,Yes,33,0.7,135,1,12,527,889,889,19,3,9,Yes,Yes,No
789,790,1989,No,1.8,Yes,16,Yes,10,0.9,86,3,18,135,576,2158,14,8,4,Yes,No,No
790,791,1754,No,1.6,No,0,No,15,0.1,166,5,1,318,1810,1966,12,7,7,Yes,No,No
791,792,1329,No,1.0,No,3,Yes,42,0.1,144,7,4,579,896,774,14,8,10,Yes,Yes,Yes
792,793,1093,No,1.1,Yes,0,No,42,0.4,114,1,4,762,1425,2856,12,3,2,No,No,Yes
793,794,986,Yes,2.2,Yes,5,Yes,38,0.3,95,7,9,5,1359,343,15,13,12,Yes,Yes,No
794,795,848,No,1.1,Yes,7,Yes,39,0.4,107,4,16,1768,1812,475,18,4,16,Yes,No,No
795,796,1146,No,0.5,Yes,4,Yes,21,0.5,152,7,6,841,994,1182,15,2,19,Yes,No,No
796,797,841,Yes,0.5,No,0,No,59,0.2,103,6,16,258,1642,1169,8,6,10,No,No,No
797,798,1140,Yes,0.9,Yes,0,No,40,0.1,119,3,1,211,555,3386,13,4,2,Yes,No,No
798,799,1091,Yes,1.8,Yes,4,No,8,0.5,100,3,8,650,922,3626,5,0,14,Yes,Yes,Yes
799,800,1360,No,0.7,No,8,Yes,25,0.4,108,7,20,493,681,3934,16,4,5,Yes,No,No
800,801,1038,No,1.0,No,2,No,28,0.2,154,4,6,1019,1246,3913,11,1,16,Yes,Yes,No
801,802,1111,No,2.5,Yes,4,No,46,0.4,152,1,11,110,1981,851,14,8,2,No,No,No
802,803,1220,No,0.5,Yes,8,No,52,0.8,121,3,19,892,1470,1458,18,12,19,No,Yes,Yes
803,804,1636,Yes,1.8,No,9,No,52,0.9,188,5,11,555,635,2363,13,0,9,No,No,Yes
804,805,1800,Yes,1.6,Yes,2,No,23,0.8,187,2,8,179,1137,1966,15,2,7,No,No,No
805,806,674,Yes,2.4,No,5,No,49,0.6,130,1,9,4,1936,2179,8,0,20,Yes,Yes,No
806,807,1591,Yes,2.4,No,4,No,3,0.5,192,8,5,669,700,615,19,6,12,Yes,No,Yes
807,808,1190,No,0.8,No,5,No,61,0.6,145,3,16,345,1044,305,7,0,14,No,Yes,No
808,809,572,No,2.8,No,4,Yes,35,0.2,99,6,5,563,1539,3106,12,1,16,Yes,No,No
809,810,1143,Yes,2.9,No,0,No,64,1.0,143,8,0,381,535,2080,16,5,15,No,Yes,Yes
810,811,1492,No,0.5,No,13,No,36,0.4,185,1,16,444,1764,592,10,7,18,No,No,Yes
811,812,1825,Yes,2.3,No,9,Yes,27,0.8,163,8,11,48,1005,2502,15,11,2,Yes,No,Yes
812,813,1450,Yes,2.4,No,2,Yes,45,0.6,83,5,8,221,648,941,13,12,7,Yes,No,Yes
813,814,1629,Yes,2.3,No,4,No,48,0.4,121,1,8,1260,1634,2532,5,4,14,Yes,No,No
814,815,669,No,0.5,Yes,0,No,46,0.7,144,2,0,486,1854,2981,17,7,14,No,No,Yes
815,816,575,Yes,1.1,No,2,No,10,0.2,163,5,11,615,1825,2956,17,7,20,Yes,No,Yes
816,817,900,Yes,2.8,No,3,No,56,0.9,112,4,18,638,721,2281,8,2,14,Yes,Yes,Yes
817,818,1057,Yes,0.5,No,4,Yes,42,0.7,112,7,7,809,824,2688,6,3,3,Yes,No,No
818,819,1247,No,0.8,Yes,16,No,24,0.8,116,5,20,1114,1350,522,9,2,20,No,Yes,Yes
819,820,1992,Yes,1.3,Yes,8,Yes,43,1.0,153,5,15,0,883,2179,7,6,20,Yes,Yes,No
820,821,974,No,2.1,No,1,Yes,17,0.7,162,4,3,346,514,1901,16,0,9,Yes,No,Yes
821,822,1715,Yes,0.5,Yes,8,Yes,47,0.4,116,8,9,900,1219,3163,18,15,11,Yes,No,Yes
822,823,1570,No,0.5,No,15,Yes,26,0.6,157,2,20,319,1406,426,8,0,11,Yes,No,No
823,824,1724,No,2.0,Yes,1,No,21,0.2,105,2,8,102,1609,695,16,0,12,Yes,Yes,No
824,825,1886,Yes,1.6,No,0,Yes,47,0.1,180,5,6,362,1606,3287,12,3,17,Yes,No,Yes
825,826,1177,No,2.4,Yes,7,Yes,38,0.7,162,6,16,1228,1975,1880,16,4,18,Yes,Yes,Yes
826,827,1036,No,1.4,Yes,6,Yes,37,0.5,184,7,10,416,523,3864,5,2,13,Yes,Yes,Yes
827,828,1336,Yes,2.6,No,7,No,26,0.5,83,5,17,238,1402,325,8,2,9,Yes,No,No
828,829,1004,No,1.9,No,12,No,24,0.8,128,8,17,793,1537,650,6,0,17,No,Yes,No
829,830,1123,Yes,2.9,Yes,10,No,5,0.1,145,3,15,670,1557,2567,11,8,10,No,Yes,Yes
830,831,1730,No,1.3,Yes,2,Yes,48,0.4,198,2,13,1445,1934,2452,8,2,11,Yes,Yes,Yes
831,832,1890,No,2.1,Yes,13,Yes,17,0.5,127,4,17,973,1546,2585,5,2,14,Yes,Yes,Yes
832,833,1055,Yes,3.0,Yes,1,No,56,0.6,111,7,8,806,861,1532,5,0,13,Yes,No,No
833,834,805,Yes,2.4,Yes,2,No,59,0.7,110,1,3,900,1984,2917,12,2,20,Yes,Yes,No
834,835,608,No,1.3,Yes,15,Yes,2,0.4,139,3,16,98,643,3635,13,4,8,Yes,No,No
835,836,1130,No,0.6,No,5,No,51,0.5,175,8,12,296,585,2098,5,2,18,Yes,No,No
836,837,1208,Yes,0.7,No,8,No,13,0.9,86,3,18,763,865,484,11,9,3,Yes,Yes,Yes
837,838,535,No,1.3,No,1,No,53,0.5,151,7,3,313,744,720,10,2,16,No,Yes,No
838,839,1191,Yes,1.7,No,1,No,7,0.4,102,3,2,1354,1418,2734,18,5,15,Yes,Yes,No
839,840,922,No,2.7,Yes,0,Yes,3,0.5,100,4,0,253,1364,3910,18,8,10,Yes,No,No
840,841,966,Yes,0.5,No,3,No,37,0.7,123,3,7,1390,1896,817,6,5,20,Yes,No,No
841,842,1351,Yes,0.7,No,10,No,48,0.5,134,8,16,700,727,3781,15,0,5,No,No,Yes
842,843,732,No,1.3,Yes,12,Yes,48,0.5,141,4,16,663,1813,832,18,10,4,Yes,No,No
843,844,1005,No,2.0,Yes,9,Yes,11,0.8,132,1,16,218,1123,939,11,4,8,Yes,Yes,Yes
844,845,1575,Yes,2.4,Yes,2,No,22,0.7,81,2,7,142,1160,1091,16,8,7,No,No,Yes
845,846,1427,No,2.8,Yes,10,Yes,11,0.5,155,1,14,169,1784,2417,9,3,8,Yes,Yes,No
846,847,1306,Yes,2.9,No,5,No,26,0.9,145,4,12,67,1247,2552,17,0,8,No,No,Yes
847,848,1911,Yes,1.1,No,3,No,25,0.4,106,5,12,426,659,1251,11,0,2,Yes,No,No
848,849,1170,Yes,2.2,No,4,Yes,63,0.7,83,1,5,442,1905,2658,11,10,11,Yes,No,Yes
849,850,1278,No,1.5,Yes,6,No,64,0.2,146,8,13,764,1521,339,6,1,12,No,Yes,No
850,851,1709,No,0.5,No,0,Yes,55,0.8,144,3,3,235,1310,3124,15,7,19,Yes,Yes,No
851,852,1904,No,0.8,Yes,2,Yes,27,0.6,198,6,7,1102,1442,2387,5,4,19,Yes,No,Yes
852,853,1741,Yes,0.5,Yes,6,No,37,0.7,183,1,16,9,1562,1415,17,9,10,No,No,Yes
853,854,1288,Yes,0.5,Yes,0,No,48,0.5,92,6,3,793,1021,2465,5,4,16,No,Yes,No
854,855,1976,No,2.5,Yes,4,No,33,0.7,196,3,15,1014,1131,2947,16,11,4,Yes,Yes,Yes
855,856,1270,No,0.5,No,1,Yes,62,0.5,142,4,2,566,695,3747,18,13,8,Yes,No,Yes
856,857,1246,No,1.6,Yes,0,No,52,0.6,187,8,4,522,818,552,7,3,8,Yes,Yes,Yes
857,858,1544,Yes,0.5,Yes,12,Yes,20,0.9,144,5,14,588,1414,1826,11,10,5,Yes,No,No
858,859,671,No,0.5,No,1,No,38,0.1,105,8,5,605,722,2210,6,1,18,No,Yes,Yes
859,860,582,Yes,2.3,Yes,6,Yes,51,0.9,156,4,14,1241,1367,2587,6,3,18,Yes,Yes,No
860,861,1951,No,2.1,No,5,No,22,0.5,132,6,6,1044,1663,945,16,5,4,Yes,No,Yes
861,862,822,No,1.1,Yes,2,No,44,0.9,146,2,4,269,527,3288,8,5,17,Yes,Yes,No
862,863,733,Yes,0.5,Yes,9,Yes,63,0.1,153,4,10,715,993,3003,12,9,12,Yes,No,Yes
863,864,820,Yes,0.5,Yes,10,Yes,15,0.3,149,8,12,165,532,702,6,0,19,Yes,Yes,No
864,865,1455,No,2.2,Yes,8,Yes,19,0.3,174,4,10,91,628,2029,8,0,10,Yes,No,No
865,866,1723,Yes,0.6,Yes,1,No,57,0.3,122,5,19,1373,1572,3138,12,8,11,No,Yes,No
866,867,1869,No,1.6,No,2,Yes,60,1.0,124,6,16,520,566,1521,14,8,18,Yes,Yes,No
867,868,1670,No,0.5,No,1,Yes,33,0.9,127,2,3,185,807,1830,5,0,6,Yes,Yes,Yes
868,869,1734,No,1.4,Yes,8,No,57,0.5,188,4,15,573,584,3822,9,4,6,No,Yes,Yes
869,870,602,No,2.5,No,7,Yes,59,0.3,166,4,11,76,637,1914,11,2,10,Yes,Yes,No
870,871,1060,No,2.5,Yes,6,Yes,31,0.6,162,1,11,582,1212,2819,10,4,16,Yes,Yes,Yes
871,872,1445,Yes,1.4,No,11,Yes,8,0.7,164,4,14,772,1766,3120,7,3,15,Yes,No,No
872,873,1005,Yes,1.6,Yes,6,No,32,0.6,199,7,13,883,1750,2119,14,9,5,Yes,Yes,Yes
873,874,536,No,0.5,No,8,Yes,27,0.3,108,1,13,1573,1962,1676,14,7,20,Yes,No,Yes
874,875,1255,No,1.1,No,0,Yes,34,0.2,85,3,1,118,722,1749,19,17,8,Yes,Yes,Yes
875,876,1252,Yes,2.6,Yes,1,Yes,43,0.8,124,1,3,153,538,2447,18,15,11,Yes,No,No
876,877,1471,Yes,2.0,No,0,Yes,54,0.7,127,8,0,193,1134,3315,17,1,4,Yes,No,Yes
877,878,914,Yes,2.3,Yes,0,Yes,47,0.5,119,3,3,727,796,3402,14,10,5,Yes,No,Yes
878,879,1439,Yes,2.6,Yes,3,Yes,14,0.3,101,8,6,686,716,763,5,3,4,Yes,No,No
879,880,732,Yes,0.5,No,6,No,60,0.1,92,4,9,670,1025,3065,19,12,14,No,Yes,Yes
880,881,1025,Yes,1.9,No,3,Yes,38,0.7,138,7,5,108,1238,3530,5,0,11,Yes,Yes,No
881,882,842,No,2.7,Yes,18,No,31,0.4,161,1,20,45,1634,496,14,1,14,Yes,Yes,No
882,883,643,Yes,1.8,Yes,0,No,28,0.4,199,1,20,532,1273,2885,8,6,5,No,No,Yes
883,884,667,No,0.7,Yes,8,No,23,0.8,136,4,14,666,1372,3720,19,10,10,Yes,Yes,No
884,885,1791,Yes,2.3,No,5,No,29,0.9,196,1,6,1039,1602,2500,10,7,2,Yes,Yes,No
885,886,1104,No,0.5,Yes,2,No,57,0.6,129,5,15,1591,1750,2254,14,7,16,Yes,Yes,No
886,887,1276,Yes,3.0,No,5,Yes,33,0.6,136,4,13,15,1719,2395,11,1,10,Yes,Yes,No
887,888,927,No,1.2,Yes,2,Yes,22,0.1,162,2,3,1106,1692,3741,7,4,5,Yes,No,Yes
888,889,859,No,1.1,Yes,11,Yes,19,0.5,139,5,16,952,1713,2473,10,4,17,Yes,Yes,Yes
889,890,1162,Yes,2.9,Yes,2,No,57,0.3,146,7,19,9,555,1316,10,2,3,Yes,No,Yes
890,891,1876,No,2.4,No,11,No,22,0.7,168,2,18,157,1512,1403,15,11,13,Yes,No,No
891,892,1057,No,2.7,Yes,3,No,36,0.7,105,3,11,1318,1351,2521,19,15,6,No,Yes,Yes
892,893,1926,No,1.8,No,1,No,15,0.9,86,2,5,523,1699,735,5,2,8,No,Yes,No
893,894,853,No,0.6,Yes,3,Yes,40,0.7,166,4,9,476,1382,2510,8,3,6,Yes,Yes,No
894,895,1949,Yes,1.5,No,1,Yes,7,0.5,175,8,19,525,1419,1406,5,1,8,Yes,Yes,No
895,896,1981,No,0.5,No,3,No,38,0.2,103,5,10,282,1051,1392,5,0,11,No,No,No
896,897,1556,Yes,2.9,Yes,5,Yes,21,0.5,197,3,19,902,1451,1969,11,3,15,Yes,Yes,No
897,898,660,Yes,0.7,Yes,3,No,12,0.4,161,8,14,506,799,3549,19,18,12,Yes,No,Yes
898,899,1955,Yes,1.4,No,1,No,30,0.2,91,6,2,220,759,2340,9,0,12,Yes,Yes,Yes
899,900,1567,No,0.6,Yes,6,No,63,0.8,83,5,13,635,1112,1777,6,3,19,Yes,Yes,No
900,901,1307,No,2.1,No,5,No,44,0.1,189,5,6,530,1203,2402,5,4,19,No,Yes,No
901,902,1421,Yes,2.9,No,2,No,43,0.2,130,4,11,1516,1556,845,14,6,4,No,No,No
902,903,1332,No,2.4,No,0,No,44,0.9,81,8,1,748,832,1176,16,10,10,No,Yes,Yes
903,904,1628,Yes,1.4,Yes,4,No,3,0.4,184,6,20,436,1653,1624,11,1,19,No,No,No
904,905,1752,No,2.6,Yes,8,Yes,17,0.4,115,5,10,1165,1540,3323,19,11,16,Yes,Yes,Yes
905,906,1733,No,0.5,No,2,No,20,0.5,156,8,3,419,1806,1197,8,7,10,No,Yes,No
906,907,1081,Yes,1.2,No,7,No,51,0.2,194,2,11,39,1852,412,16,4,7,Yes,No,No
907,908,854,Yes,2.6,Yes,1,Yes,45,0.5,162,6,12,49,1146,2317,12,5,18,Yes,Yes,Yes
908,909,1657,No,2.6,Yes,3,Yes,22,0.5,87,4,20,1019,1535,1852,15,5,12,Yes,Yes,No
909,910,1053,No,2.1,No,4,No,12,0.1,95,7,7,6,1089,3701,13,1,17,No,Yes,No
910,911,1370,No,2.9,No,2,Yes,24,0.3,100,5,3,804,992,1672,10,4,4,Yes,No,No
911,912,1652,Yes,1.5,Yes,1,No,57,0.1,175,6,17,555,714,489,12,2,2,Yes,Yes,Yes
912,913,915,No,2.8,Yes,4,No,22,1.0,174,5,12,748,1840,572,7,1,10,Yes,Yes,Yes
913,914,1272,Yes,0.5,No,1,Yes,50,0.7,129,8,18,377,1970,2969,15,2,10,Yes,No,Yes
914,915,646,Yes,2.3,Yes,15,Yes,10,0.9,180,8,17,673,1135,3005,14,0,5,Yes,No,Yes
915,916,1359,Yes,0.9,Yes,6,No,40,0.1,182,2,7,130,1030,2805,19,14,18,No,Yes,Yes
916,917,1691,No,0.5,No,0,No,24,0.3,119,1,3,762,1643,2900,16,5,19,Yes,No,No
917,918,796,Yes,1.5,Yes,3,No,62,0.7,99,8,12,214,843,434,16,2,16,No,Yes,Yes
918,919,534,Yes,1.9,Yes,1,Yes,60,0.2,159,1,18,1216,1847,3599,10,4,8,Yes,No,Yes
919,920,721,Yes,2.6,Yes,1,No,39,0.6,168,2,2,629,1509,3372,5,1,6,No,No,No
920,921,675,Yes,2.8,No,11,No,44,0.1,169,5,20,135,1109,2980,15,12,6,Yes,Yes,Yes
921,922,1182,Yes,1.4,Yes,5,Yes,21,0.5,107,2,17,625,1346,1765,13,5,6,Yes,Yes,No
922,923,1062,Yes,2.9,Yes,3,Yes,12,0.3,152,2,10,1041,1280,3664,9,6,4,Yes,Yes,Yes
923,924,732,Yes,0.5,No,1,Yes,7,0.4,113,6,2,367,968,1423,13,2,19,Yes,Yes,Yes
924,925,781,Yes,0.9,Yes,0,No,62,0.1,94,2,1,1117,1667,1442,9,0,16,Yes,No,Yes
925,926,790,Yes,1.0,Yes,9,Yes,45,0.1,200,6,20,1068,1577,3184,17,5,13,Yes,No,Yes
926,927,1480,Yes,0.9,No,0,No,62,0.9,199,1,0,464,868,1780,18,14,4,Yes,Yes,Yes
927,928,946,Yes,1.0,No,13,No,56,0.7,128,6,14,349,541,2565,17,10,7,No,No,No
928,929,1545,Yes,1.7,No,1,Yes,59,0.7,183,3,20,148,721,1443,8,2,16,Yes,No,Yes
929,930,898,No,2.7,No,0,No,16,0.2,81,4,4,139,1660,2286,5,0,4,Yes,No,No
930,931,1662,No,0.5,No,0,No,48,0.8,155,6,2,875,1362,2787,12,7,19,Yes,No,Yes
931,932,1056,No,2.2,No,6,No,2,0.4,166,6,13,527,825,3215,16,8,6,Yes,No,Yes
932,933,1074,No,1.4,Yes,0,Yes,17,0.7,115,1,6,689,1628,401,18,11,12,Yes,Yes,No
933,934,1772,Yes,0.5,No,0,Yes,55,0.5,149,5,0,405,727,3346,17,2,18,Yes,Yes,Yes
934,935,694,Yes,0.5,Yes,6,No,3,0.8,107,3,10,1345,1514,991,11,3,19,No,Yes,No
935,936,1387,Yes,1.0,No,0,Yes,3,0.9,154,6,5,75,655,2909,19,1,4,Yes,Yes,No
936,937,1259,Yes,1.0,Yes,7,Yes,6,0.1,110,7,11,1611,1923,2897,16,14,19,Yes,No,No
937,938,1066,Yes,2.4,No,6,No,23,0.6,173,3,7,870,1026,896,12,9,10,No,No,Yes
938,939,940,Yes,2.0,Yes,7,Yes,24,0.6,81,1,15,955,1845,2971,10,0,6,Yes,No,Yes
939,940,1517,Yes,2.2,Yes,11,No,19,0.3,179,2,16,291,1592,1972,11,0,13,No,No,Yes
940,941,986,No,1.4,Yes,6,Yes,29,0.2,122,7,10,1907,1911,2742,17,12,15,Yes,No,No
941,942,1595,Yes,1.1,No,4,Yes,31,0.1,101,3,7,824,1052,2875,16,13,13,Yes,Yes,No
942,943,708,No,2.4,Yes,0,No,56,0.7,104,7,1,999,1695,1920,7,3,11,Yes,Yes,No
943,944,726,Yes,0.5,Yes,1,Yes,6,0.7,183,5,2,114,628,1653,8,5,17,Yes,No,Yes
944,945,761,Yes,0.5,No,4,Yes,5,0.8,181,1,17,562,829,3111,5,3,14,Yes,No,No
945,946,643,No,2.6,No,0,Yes,8,0.3,115,4,4,724,1175,3740,8,7,13,Yes,No,Yes
946,947,871,Yes,1.7,Yes,0,No,56,0.6,124,6,2,483,1045,1794,13,4,4,Yes,Yes,No
947,948,1347,No,2.1,Yes,4,No,44,0.8,97,2,14,137,792,399,16,2,10,Yes,Yes,No
948,949,1659,No,2.7,No,18,No,64,0.7,83,2,19,727,1979,1778,10,9,13,Yes,No,Yes
949,950,1259,No,1.2,No,0,Yes,61,0.5,82,5,15,1001,1158,1415,10,1,2,Yes,Yes,No
950,951,544,No,1.6,No,5,Yes,39,0.1,91,6,7,101,718,3262,19,7,19,Yes,Yes,No
951,952,1570,No,0.6,No,7,No,12,0.2,141,8,13,487,517,1895,18,11,5,No,No,Yes
952,953,690,No,2.9,No,8,No,38,0.9,154,1,10,711,750,3427,13,6,20,No,No,No
953,954,1053,No,2.5,Yes,12,Yes,3,0.6,86,4,19,910,1097,792,17,6,7,Yes,No,Yes
954,955,1772,No,2.4,Yes,5,No,8,0.1,135,3,13,1337,1544,2297,8,6,4,Yes,No,Yes
955,956,1891,Yes,1.3,Yes,10,Yes,23,0.4,158,2,17,518,1357,2610,9,5,10,Yes,No,No
956,957,937,Yes,1.5,No,2,Yes,44,0.8,133,4,6,919,1782,493,9,7,15,Yes,No,Yes
957,958,913,No,2.9,No,13,Yes,34,0.7,183,4,19,578,1726,2800,7,2,9,Yes,Yes,No
958,959,1066,Yes,0.9,No,4,No,43,0.4,101,6,11,876,880,3856,14,0,6,Yes,No,Yes
959,960,840,Yes,1.6,Yes,0,No,7,0.9,147,2,3,98,674,3327,19,6,12,No,No,Yes
960,961,710,Yes,2.3,Yes,1,Yes,24,0.4,153,2,3,1714,1895,3678,18,4,18,Yes,Yes,Yes
961,962,623,Yes,0.5,Yes,5,Yes,29,0.9,134,3,10,273,1814,717,12,5,13,Yes,No,No
962,963,700,Yes,1.3,No,2,No,40,0.1,150,8,11,612,1325,2537,15,10,8,Yes,Yes,Yes
963,964,995,No,2.6,Yes,4,No,7,0.8,157,1,6,1315,1804,1272,16,6,8,No,Yes,Yes
964,965,1325,No,1.3,Yes,10,Yes,33,0.9,165,1,12,1653,1967,726,10,2,12,Yes,Yes,Yes
965,966,1982,Yes,2.6,Yes,7,Yes,43,0.3,113,4,8,1409,1679,1791,9,2,8,Yes,Yes,No
966,967,1401,No,2.7,No,0,No,16,0.1,187,5,4,975,1028,2668,11,8,20,Yes,No,No
967,968,636,Yes,2.6,Yes,7,Yes,55,0.3,183,2,14,762,1596,3558,10,7,10,Yes,Yes,Yes
968,969,1637,Yes,0.6,Yes,12,Yes,57,0.5,111,8,17,7,940,3329,11,9,6,Yes,Yes,No
969,970,1036,No,0.9,No,16,No,9,0.2,119,3,18,70,502,299,11,8,16,Yes,Yes,No
970,971,1247,Yes,2.1,No,10,Yes,63,0.1,116,4,12,170,1028,2999,9,3,20,Yes,Yes,No
971,972,1207,No,1.1,Yes,9,Yes,56,0.1,141,6,11,93,560,2293,12,4,19,Yes,Yes,No
972,973,1198,Yes,0.5,Yes,0,No,31,0.6,125,7,7,546,1223,2777,16,3,20,Yes,No,No
973,974,1796,Yes,0.5,No,0,No,44,0.2,169,4,4,841,1803,1378,12,0,13,Yes,No,Yes
974,975,1855,No,1.0,Yes,8,No,58,0.9,145,4,14,1080,1883,2834,14,2,3,Yes,Yes,No
975,976,1557,Yes,1.6,No,7,No,26,0.3,154,5,14,665,1790,885,17,2,5,No,Yes,Yes
976,977,958,No,0.5,Yes,0,Yes,47,0.7,116,8,0,300,501,1706,6,2,2,Yes,Yes,No
977,978,1882,Yes,2.1,Yes,0,No,17,0.1,127,8,5,280,1171,2996,9,6,3,Yes,No,No
978,979,1489,No,0.5,Yes,7,No,60,0.8,197,7,10,7,719,677,5,2,11,Yes,No,Yes
979,980,1980,No,0.5,Yes,7,No,15,0.4,141,6,12,499,1029,1710,11,2,11,Yes,Yes,No
980,981,1235,No,1.8,Yes,3,No,21,0.5,197,3,4,1252,1284,464,14,2,17,No,Yes,Yes
981,982,829,No,2.6,Yes,11,Yes,10,0.1,132,2,13,349,833,975,12,6,8,Yes,Yes,Yes
982,983,1998,Yes,0.5,No,6,No,47,0.2,182,4,7,1603,1837,3918,9,4,9,Yes,No,Yes
983,984,1814,No,1.6,No,6,Yes,3,0.7,156,5,16,1196,1666,2489,9,3,12,Yes,Yes,No
984,985,1711,Yes,0.5,Yes,1,Yes,12,1.0,97,1,18,855,1199,2461,9,4,9,Yes,Yes,No
985,986,971,Yes,2.1,No,9,No,7,0.3,143,4,17,1074,1885,811,18,2,13,Yes,Yes,No
986,987,991,No,2.6,No,0,No,19,0.5,133,7,2,516,767,1358,16,14,20,No,Yes,No
987,988,905,No,1.9,Yes,11,Yes,12,0.7,173,7,12,410,1021,852,19,0,3,Yes,Yes,No
988,989,1653,Yes,1.3,No,0,No,49,0.7,99,7,4,206,936,377,9,7,10,Yes,No,No
989,990,635,Yes,1.9,Yes,0,Yes,57,1.0,136,6,11,1257,1597,3954,15,4,20,Yes,Yes,No
990,991,1807,No,1.2,No,4,No,37,0.8,162,1,11,246,932,2741,7,1,9,Yes,Yes,Yes
991,992,1797,Yes,2.6,No,4,No,42,0.6,174,3,20,57,1169,3359,16,6,18,Yes,Yes,Yes
992,993,1895,No,0.5,Yes,0,Yes,62,0.9,99,2,0,1019,1698,2563,10,8,13,Yes,No,Yes
993,994,567,Yes,2.7,Yes,14,Yes,56,0.4,165,8,17,555,1290,336,7,6,7,Yes,Yes,Yes
994,995,936,Yes,1.4,Yes,0,No,46,0.8,139,2,0,265,886,684,8,5,12,Yes,Yes,Yes
995,996,1700,Yes,1.9,No,0,Yes,54,0.5,170,7,17,644,913,2121,14,8,15,Yes,Yes,No
996,997,609,No,1.8,Yes,0,No,13,0.9,186,4,2,1152,1632,1933,8,1,19,No,Yes,Yes
997,998,1185,No,1.4,No,1,Yes,8,0.5,80,1,12,477,825,1223,5,0,14,Yes,No,No
998,999,1533,Yes,0.5,Yes,0,No,50,0.4,171,2,12,38,832,2509,15,11,6,No,Yes,No
999,1000,1270,Yes,0.5,No,4,Yes,35,0.1,140,6,19,457,608,2828,9,2,3,Yes,No,Yes
