Name,Age,Opp,Cmp,Pass_att,Cmp_perc,Pass_yds,Pass_td,Int,QBR,Sacks,Sack_yds,Pass_yds_attmpt,Rush_att,Rush_yds,Rush_yds_attmpt,Rush_td,Fmb,Play_num,Month,Points,Win
T.Brady,43.041,NOR,23.0,36.0,63.89,239.0,2.0,2.0,78.4,3.0,15.0,6.64,3.0,9.0,3.0,1.0,1.0,70.0,Sept,23,L
T.Brady,43.048,CAR,23.0,35.0,65.71,217.0,1.0,1.0,80.3,0.0,0.0,6.2,1.0,0.0,0.0,0.0,1.0,61.0,Sept,31,W
T.Brady,43.055,DEN,25.0,38.0,65.79,297.0,3.0,0.0,115.8,2.0,12.0,7.82,5.0,0.0,0.0,0.0,1.0,68.0,Sept,28,W
T.Brady,43.062,LAC,30.0,46.0,65.22,369.0,5.0,1.0,117.0,0.0,0.0,8.02,3.0,-3.0,-1.0,0.0,0.0,76.0,Oct,38,W
T.Brady,43.066,CHI,25.0,41.0,60.98,253.0,1.0,0.0,86.7,3.0,20.0,6.17,3.0,0.0,0.0,0.0,1.0,71.0,Oct,19,L
T.Brady,43.076,GNB,17.0,27.0,62.96,166.0,2.0,0.0,104.9,0.0,0.0,6.15,0.0,0.0,0.0,0.0,0.0,55.0,Oct,38,W
T.Brady,43.083,LVR,33.0,45.0,73.33,369.0,4.0,0.0,127.0,0.0,0.0,8.2,1.0,1.0,1.0,1.0,0.0,72.0,Oct,45,W
T.Brady,43.091,NYG,28.0,40.0,70.0,279.0,2.0,0.0,106.1,2.0,16.0,6.98,1.0,-1.0,-1.0,0.0,0.0,70.0,Nov,25,W
T.Brady,43.097,NOR,22.0,38.0,57.89,209.0,0.0,3.0,40.4,3.0,23.0,5.5,0.0,0.0,0.0,0.0,0.0,49.0,Nov,3,L
T.Brady,43.104,CAR,28.0,39.0,71.79,341.0,3.0,0.0,124.0,1.0,7.0,8.74,2.0,2.0,1.0,1.0,0.0,75.0,Nov,46,W
T.Brady,43.112,LAR,26.0,48.0,54.17,216.0,2.0,2.0,62.5,1.0,7.0,4.5,0.0,0.0,0.0,0.0,0.0,69.0,Nov,24,L
T.Brady,43.118,KAN,27.0,41.0,65.85,345.0,3.0,2.0,96.1,1.0,3.0,8.41,1.0,-1.0,-1.0,0.0,0.0,59.0,Nov,24,L
T.Brady,43.132,MIN,15.0,23.0,65.22,196.0,2.0,0.0,120.9,0.0,0.0,8.52,3.0,-2.0,-0.67,0.0,0.0,51.0,Dec,26,W
T.Brady,43.139,ATL,31.0,45.0,68.89,390.0,2.0,0.0,110.4,3.0,25.0,8.67,2.0,-2.0,-1.0,0.0,0.0,68.0,Dec,31,W
T.Brady,43.145,DET,22.0,27.0,81.48,348.0,4.0,0.0,158.3,1.0,7.0,12.89,0.0,0.0,0.0,0.0,0.0,43.0,Dec,47,W
T.Brady,43.153,ATL,26.0,41.0,63.41,399.0,4.0,1.0,117.8,1.0,8.0,9.73,5.0,3.0,0.6,0.0,0.0,67.0,Jan,44,W
K.Cousins,32.025,GNB,19.0,25.0,76.0,259.0,2.0,1.0,118.6,2.0,11.0,10.36,4.0,34.0,8.5,0.0,0.0,52.0,Sept,34,L
K.Cousins,32.032,IND,11.0,26.0,42.31,113.0,0.0,3.0,15.9,3.0,18.0,4.35,0.0,0.0,0.0,0.0,0.0,54.0,Sept,11,L
K.Cousins,32.039,TEN,16.0,27.0,59.26,251.0,3.0,2.0,96.4,2.0,13.0,9.3,2.0,14.0,7.0,0.0,0.0,65.0,Sept,30,L
K.Cousins,32.046,HOU,16.0,22.0,72.73,260.0,1.0,0.0,127.1,3.0,12.0,11.82,4.0,5.0,1.25,0.0,0.0,66.0,Oct,31,W
K.Cousins,32.053,SEA,27.0,39.0,69.23,249.0,2.0,1.0,92.8,3.0,1.0,6.38,1.0,2.0,2.0,0.0,2.0,87.0,Oct,26,L
K.Cousins,32.06,ATL,24.0,36.0,66.67,343.0,3.0,3.0,90.4,1.0,10.0,9.53,0.0,0.0,0.0,0.0,0.0,56.0,Oct,23,L
K.Cousins,32.074,GNB,11.0,14.0,78.57,160.0,1.0,0.0,138.1,1.0,9.0,11.43,0.0,0.0,0.0,0.0,0.0,52.0,Nov,28,W
K.Cousins,32.081,DET,13.0,20.0,65.0,220.0,3.0,0.0,141.7,1.0,8.0,11.0,0.0,0.0,0.0,0.0,0.0,58.0,Nov,34,W
K.Cousins,32.089,CHI,25.0,36.0,69.44,292.0,2.0,1.0,100.7,1.0,6.0,8.11,1.0,-1.0,-1.0,0.0,0.0,73.0,Nov,19,W
K.Cousins,32.095,DAL,22.0,30.0,73.33,314.0,3.0,0.0,140.1,2.0,9.0,10.47,1.0,4.0,4.0,0.0,1.0,64.0,Nov,28,L
K.Cousins,32.102,CAR,34.0,45.0,75.56,307.0,3.0,0.0,115.7,2.0,16.0,6.82,3.0,19.0,6.33,0.0,1.0,73.0,Nov,28,W
K.Cousins,32.109,JAX,28.0,43.0,65.12,305.0,3.0,1.0,99.5,4.0,30.0,7.09,3.0,12.0,4.0,0.0,1.0,91.0,Dec,27,W
K.Cousins,32.116,TAM,24.0,37.0,64.86,225.0,1.0,0.0,90.5,6.0,52.0,6.08,5.0,41.0,8.2,0.0,2.0,79.0,Dec,14,L
K.Cousins,32.123,CHI,24.0,35.0,68.57,271.0,2.0,1.0,98.6,3.0,22.0,7.74,3.0,25.0,8.33,0.0,1.0,68.0,Dec,27,L
K.Cousins,32.128,NOR,27.0,41.0,65.85,291.0,3.0,0.0,110.9,2.0,17.0,7.1,0.0,0.0,0.0,0.0,1.0,64.0,Dec,33,L
K.Cousins,32.137,DET,28.0,40.0,70.0,405.0,3.0,0.0,127.6,3.0,22.0,10.13,5.0,1.0,0.2,1.0,0.0,80.0,Jan,37,W
B.Roethlisberger,38.196,NYG,21.0,32.0,65.63,229.0,3.0,0.0,117.8,2.0,21.0,7.16,3.0,9.0,3.0,0.0,1.0,64.0,Sept,26,W
B.Roethlisberger,38.202,DEN,29.0,41.0,70.73,311.0,2.0,1.0,98.7,1.0,10.0,7.59,3.0,-2.0,-0.67,0.0,1.0,65.0,Sept,26,W
B.Roethlisberger,38.209,HOU,23.0,36.0,63.89,237.0,2.0,0.0,101.3,2.0,19.0,6.58,5.0,-3.0,-0.6,0.0,0.0,80.0,Sept,28,W
B.Roethlisberger,38.223,PHI,27.0,34.0,79.41,239.0,3.0,0.0,125.4,1.0,8.0,7.03,2.0,-2.0,-1.0,0.0,0.0,75.0,Oct,38,W
B.Roethlisberger,38.23,CLE,14.0,22.0,63.64,162.0,1.0,0.0,100.9,2.0,20.0,7.36,3.0,5.0,1.67,0.0,0.0,58.0,Oct,38,W
B.Roethlisberger,38.237,TEN,32.0,49.0,65.31,268.0,2.0,3.0,67.4,0.0,0.0,5.47,1.0,-1.0,-1.0,0.0,0.0,79.0,Oct,27,W
B.Roethlisberger,38.244,BAL,21.0,32.0,65.63,182.0,2.0,0.0,101.3,2.0,9.0,5.69,0.0,0.0,0.0,0.0,1.0,53.0,Nov,28,W
B.Roethlisberger,38.251,DAL,29.0,42.0,69.05,306.0,3.0,0.0,113.8,0.0,0.0,7.29,1.0,8.0,8.0,0.0,0.0,65.0,Nov,24,W
B.Roethlisberger,38.258,CIN,27.0,46.0,58.7,333.0,4.0,0.0,110.1,0.0,0.0,7.24,1.0,0.0,0.0,0.0,0.0,69.0,Nov,36,W
B.Roethlisberger,38.265,JAX,32.0,46.0,69.57,267.0,2.0,1.0,89.7,0.0,0.0,5.8,0.0,0.0,0.0,0.0,0.0,69.0,Nov,27,W
B.Roethlisberger,38.275,BAL,36.0,51.0,70.59,266.0,1.0,1.0,81.0,0.0,0.0,5.22,1.0,-1.0,-1.0,0.0,0.0,72.0,Dec,19,W
B.Roethlisberger,38.28,WAS,33.0,53.0,62.26,305.0,2.0,1.0,82.7,0.0,0.0,5.75,1.0,0.0,0.0,0.0,0.0,71.0,Dec,17,L
B.Roethlisberger,38.286,BUF,21.0,37.0,56.76,187.0,2.0,2.0,65.9,1.0,10.0,5.05,0.0,0.0,0.0,0.0,0.0,57.0,Dec,15,L
B.Roethlisberger,38.294,CIN,20.0,38.0,52.63,170.0,1.0,1.0,62.4,1.0,12.0,4.47,2.0,-1.0,-0.5,0.0,2.0,65.0,Dec,17,L
B.Roethlisberger,38.3,IND,34.0,49.0,69.39,341.0,3.0,0.0,109.3,1.0,9.0,6.96,2.0,-1.0,-0.5,0.0,0.0,68.0,Dec,28,W
M.Stafford,32.219,CHI,24.0,42.0,57.14,297.0,1.0,1.0,77.2,1.0,9.0,7.07,5.0,23.0,4.6,0.0,0.0,78.0,Sept,23,L
M.Stafford,32.226,GNB,20.0,33.0,60.61,244.0,2.0,1.0,91.0,4.0,26.0,7.39,1.0,4.0,4.0,0.0,0.0,59.0,Sept,21,L
M.Stafford,32.233,ARI,22.0,31.0,70.97,270.0,2.0,0.0,119.0,4.0,38.0,8.71,1.0,-3.0,-3.0,0.0,0.0,66.0,Sept,26,W
M.Stafford,32.24,NOR,17.0,31.0,54.84,206.0,3.0,1.0,94.3,3.0,15.0,6.65,3.0,21.0,7.0,0.0,0.0,61.0,Oct,29,L
M.Stafford,32.254,JAX,19.0,31.0,61.29,223.0,1.0,1.0,80.4,0.0,0.0,7.19,5.0,14.0,2.8,0.0,0.0,77.0,Oct,34,W
M.Stafford,32.261,ATL,25.0,36.0,69.44,340.0,1.0,0.0,108.6,2.0,18.0,9.44,1.0,8.0,8.0,0.0,0.0,61.0,Oct,23,W
M.Stafford,32.268,IND,24.0,42.0,57.14,336.0,3.0,1.0,96.9,5.0,39.0,8.0,1.0,10.0,10.0,0.0,1.0,61.0,Nov,21,L
M.Stafford,32.275,MIN,23.0,32.0,71.88,211.0,1.0,2.0,73.8,2.0,13.0,6.59,0.0,0.0,0.0,0.0,0.0,60.0,Nov,20,L
M.Stafford,32.282,WAS,24.0,33.0,72.73,276.0,3.0,0.0,127.8,1.0,9.0,8.36,0.0,0.0,0.0,0.0,0.0,59.0,Nov,30,W
M.Stafford,32.289,CAR,18.0,33.0,54.55,178.0,0.0,0.0,70.0,5.0,33.0,5.39,4.0,5.0,1.25,0.0,0.0,56.0,Nov,0,L
M.Stafford,32.293,HOU,28.0,42.0,66.67,295.0,1.0,1.0,84.9,4.0,16.0,7.02,1.0,3.0,3.0,0.0,1.0,82.0,Nov,25,L
M.Stafford,32.303,CHI,27.0,42.0,64.29,402.0,3.0,1.0,109.4,2.0,2.0,9.57,2.0,0.0,0.0,0.0,0.0,68.0,Dec,34,W
M.Stafford,32.31,GNB,24.0,34.0,70.59,244.0,1.0,0.0,100.6,4.0,31.0,7.18,1.0,6.0,6.0,0.0,0.0,60.0,Dec,24,L
M.Stafford,32.317,TEN,22.0,32.0,68.75,252.0,1.0,0.0,102.6,0.0,0.0,7.88,2.0,12.0,6.0,0.0,0.0,56.0,Dec,25,L
M.Stafford,32.323,TAM,2.0,3.0,66.67,17.0,0.0,0.0,81.2,0.0,0.0,5.67,0.0,0.0,0.0,0.0,0.0,4.0,Dec,7,L
M.Stafford,32.331,MIN,20.0,31.0,64.52,293.0,3.0,1.0,114.0,1.0,5.0,9.45,2.0,9.0,4.5,0.0,0.0,58.0,Jan,35,L
K.Murray,23.037,SFO,26.0,40.0,65.0,230.0,1.0,1.0,78.1,2.0,6.0,5.75,13.0,91.0,7.0,1.0,0.0,82.0,Sept,24,W
K.Murray,23.044,WAS,26.0,38.0,68.42,286.0,1.0,1.0,88.3,3.0,8.0,7.53,8.0,67.0,8.38,2.0,0.0,77.0,Sept,30,W
K.Murray,23.051,DET,23.0,35.0,65.71,270.0,2.0,3.0,72.3,1.0,2.0,7.71,5.0,29.0,5.8,1.0,0.0,65.0,Sept,23,L
K.Murray,23.058,CAR,24.0,31.0,77.42,133.0,3.0,0.0,116.7,1.0,0.0,4.29,6.0,78.0,13.0,0.0,1.0,57.0,Oct,21,L
K.Murray,23.065,NYJ,27.0,37.0,72.97,380.0,1.0,1.0,103.4,1.0,11.0,10.27,9.0,31.0,3.44,1.0,0.0,75.0,Oct,30,W
K.Murray,23.073,DAL,9.0,24.0,37.5,188.0,2.0,0.0,93.7,1.0,11.0,7.83,10.0,74.0,7.4,1.0,0.0,62.0,Oct,38,W
K.Murray,23.079,SEA,34.0,48.0,70.83,360.0,3.0,1.0,104.5,0.0,0.0,7.5,14.0,67.0,4.79,1.0,2.0,84.0,Oct,37,W
K.Murray,23.093,MIA,21.0,26.0,80.77,283.0,3.0,0.0,150.5,1.0,19.0,10.88,11.0,106.0,9.64,1.0,1.0,69.0,Nov,31,L
K.Murray,23.1,BUF,22.0,32.0,68.75,245.0,1.0,1.0,88.7,3.0,9.0,7.66,11.0,61.0,5.55,2.0,0.0,73.0,Nov,32,W
K.Murray,23.104,SEA,29.0,42.0,69.05,269.0,2.0,0.0,102.2,3.0,12.0,6.4,5.0,15.0,3.0,0.0,0.0,67.0,Nov,21,L
K.Murray,23.114,NWE,23.0,34.0,67.65,170.0,0.0,1.0,67.0,2.0,10.0,5.0,5.0,31.0,6.2,0.0,0.0,73.0,Nov,17,L
K.Murray,23.121,LAR,21.0,39.0,53.85,173.0,3.0,1.0,80.4,2.0,33.0,4.44,5.0,15.0,3.0,0.0,2.0,64.0,Dec,28,L
K.Murray,23.128,NYG,24.0,35.0,68.57,244.0,1.0,0.0,97.8,1.0,13.0,6.97,13.0,47.0,3.62,0.0,1.0,79.0,Dec,26,W
K.Murray,23.135,PHI,27.0,36.0,75.0,406.0,3.0,1.0,127.8,1.0,9.0,11.28,8.0,29.0,3.63,1.0,2.0,68.0,Dec,33,W
K.Murray,23.141,SFO,31.0,50.0,62.0,247.0,0.0,1.0,66.0,3.0,17.0,4.94,8.0,75.0,9.38,0.0,0.0,82.0,Dec,12,L
K.Murray,23.149,LAR,8.0,11.0,72.73,87.0,0.0,0.0,95.6,2.0,16.0,7.91,2.0,3.0,1.5,0.0,0.0,25.0,Jan,7,L
B.Mayfield,25.152,BAL,21.0,39.0,53.85,189.0,1.0,1.0,65.0,2.0,21.0,4.85,2.0,3.0,1.5,0.0,0.0,73.0,Sept,6,L
B.Mayfield,25.156,CIN,16.0,23.0,69.57,219.0,2.0,1.0,110.6,0.0,0.0,9.52,3.0,5.0,1.67,0.0,0.0,58.0,Sept,35,W
B.Mayfield,25.166,WAS,16.0,23.0,69.57,156.0,2.0,0.0,117.3,2.0,14.0,6.78,1.0,1.0,1.0,0.0,0.0,63.0,Sept,34,W
B.Mayfield,25.173,DAL,19.0,30.0,63.33,165.0,2.0,0.0,100.0,2.0,1.0,5.5,3.0,6.0,2.0,0.0,0.0,75.0,Oct,49,W
B.Mayfield,25.18,IND,21.0,37.0,56.76,247.0,2.0,2.0,72.7,1.0,4.0,6.68,2.0,17.0,8.5,0.0,1.0,73.0,Oct,32,W
B.Mayfield,25.187,PIT,10.0,18.0,55.56,119.0,1.0,2.0,54.9,4.0,20.0,6.61,1.0,5.0,5.0,0.0,0.0,42.0,Oct,7,L
B.Mayfield,25.194,CIN,22.0,28.0,78.57,297.0,5.0,1.0,135.6,0.0,0.0,10.61,1.0,-1.0,-1.0,0.0,0.0,52.0,Oct,37,W
B.Mayfield,25.201,LVR,12.0,25.0,48.0,122.0,0.0,0.0,62.4,0.0,0.0,4.88,6.0,29.0,4.83,0.0,0.0,49.0,Nov,6,L
B.Mayfield,25.215,HOU,12.0,20.0,60.0,132.0,0.0,0.0,79.6,1.0,7.0,6.6,3.0,1.0,0.33,0.0,0.0,65.0,Nov,10,W
B.Mayfield,25.222,PHI,12.0,22.0,54.55,204.0,0.0,0.0,86.2,3.0,17.0,9.27,6.0,9.0,1.5,0.0,2.0,67.0,Nov,22,W
B.Mayfield,25.229,JAX,19.0,29.0,65.52,258.0,2.0,0.0,116.7,2.0,6.0,8.9,4.0,1.0,0.25,0.0,0.0,67.0,Nov,27,W
B.Mayfield,25.236,TEN,25.0,33.0,75.76,334.0,4.0,0.0,147.0,0.0,0.0,10.12,4.0,5.0,1.25,0.0,1.0,72.0,Dec,41,W
B.Mayfield,25.244,BAL,28.0,47.0,59.57,343.0,2.0,1.0,87.5,0.0,0.0,7.3,5.0,23.0,4.6,1.0,1.0,83.0,Dec,42,L
B.Mayfield,25.25,NYG,27.0,32.0,84.38,297.0,2.0,0.0,126.2,1.0,11.0,9.28,4.0,11.0,2.75,0.0,0.0,64.0,Dec,20,W
B.Mayfield,25.257,NYJ,28.0,53.0,52.83,285.0,0.0,0.0,68.5,4.0,31.0,5.38,3.0,6.0,2.0,0.0,3.0,81.0,Dec,16,L
B.Mayfield,25.264,PIT,17.0,27.0,62.96,196.0,1.0,0.0,97.1,4.0,30.0,7.26,6.0,44.0,7.33,0.0,0.0,62.0,Jan,24,W
P.Mahomes,24.359,HOU,24.0,32.0,75.0,211.0,3.0,0.0,123.3,1.0,8.0,6.59,0.0,0.0,0.0,0.0,0.0,69.0,Sept,34,W
P.Mahomes,25.003,LAC,27.0,47.0,57.45,302.0,2.0,0.0,90.9,1.0,13.0,6.43,6.0,54.0,9.0,0.0,0.0,77.0,Sept,23,W
P.Mahomes,25.011,BAL,31.0,42.0,73.81,385.0,4.0,0.0,133.5,0.0,0.0,9.17,4.0,26.0,6.5,1.0,0.0,75.0,Sept,34,W
P.Mahomes,25.018,NWE,19.0,29.0,65.52,236.0,2.0,0.0,113.6,1.0,7.0,8.14,8.0,28.0,3.5,0.0,0.0,56.0,Oct,26,W
P.Mahomes,25.024,LVR,22.0,43.0,51.16,340.0,2.0,1.0,83.5,3.0,7.0,7.91,6.0,21.0,3.5,1.0,0.0,72.0,Oct,32,L
P.Mahomes,25.032,BUF,21.0,26.0,80.77,225.0,2.0,0.0,128.4,1.0,4.0,8.65,10.0,36.0,3.6,0.0,1.0,73.0,Oct,26,W
P.Mahomes,25.038,DEN,15.0,23.0,65.22,200.0,1.0,0.0,107.2,3.0,25.0,8.7,0.0,0.0,0.0,0.0,0.0,41.0,Oct,43,W
P.Mahomes,25.045,NYJ,31.0,42.0,73.81,416.0,5.0,0.0,144.4,0.0,0.0,9.9,0.0,0.0,0.0,0.0,0.0,54.0,Nov,35,W
P.Mahomes,25.052,CAR,30.0,45.0,66.67,372.0,4.0,0.0,121.7,2.0,11.0,8.27,1.0,6.0,6.0,0.0,0.0,62.0,Nov,33,W
P.Mahomes,25.066,LVR,34.0,45.0,75.56,348.0,2.0,1.0,102.8,0.0,0.0,7.73,4.0,16.0,4.0,0.0,0.0,78.0,Nov,35,W
P.Mahomes,25.073,TAM,37.0,49.0,75.51,462.0,3.0,0.0,124.7,2.0,6.0,9.43,4.0,28.0,7.0,0.0,1.0,79.0,Nov,27,W
P.Mahomes,25.08,DEN,25.0,40.0,62.5,318.0,1.0,0.0,95.6,1.0,5.0,7.95,4.0,26.0,6.5,0.0,0.0,64.0,Dec,22,W
P.Mahomes,25.087,MIA,24.0,34.0,70.59,393.0,2.0,3.0,91.9,3.0,39.0,11.56,5.0,9.0,1.8,0.0,1.0,62.0,Dec,33,W
P.Mahomes,25.094,NOR,26.0,47.0,55.32,254.0,3.0,0.0,92.0,4.0,22.0,5.4,7.0,37.0,5.29,0.0,2.0,98.0,Dec,32,W
P.Mahomes,25.101,ATL,24.0,44.0,54.55,278.0,2.0,1.0,79.5,0.0,0.0,6.32,3.0,21.0,7.0,0.0,0.0,67.0,Dec,17,W
R.Tannehill,32.049,DEN,29.0,43.0,67.44,249.0,2.0,0.0,97.9,1.0,2.0,5.79,3.0,14.0,4.67,0.0,0.0,81.0,Sept,16,W
R.Tannehill,32.055,JAX,18.0,24.0,75.0,239.0,4.0,0.0,145.7,1.0,8.0,9.96,4.0,12.0,3.0,0.0,0.0,62.0,Sept,33,W
R.Tannehill,32.062,MIN,23.0,37.0,62.16,321.0,0.0,1.0,78.8,1.0,11.0,8.68,4.0,9.0,2.25,0.0,2.0,75.0,Sept,31,W
R.Tannehill,32.078,BUF,21.0,28.0,75.0,195.0,3.0,0.0,129.3,0.0,0.0,6.96,4.0,42.0,10.5,1.0,0.0,66.0,Oct,42,W
R.Tannehill,32.083,HOU,30.0,41.0,73.17,366.0,4.0,1.0,122.6,2.0,22.0,8.93,0.0,0.0,0.0,0.0,1.0,75.0,Oct,42,W
R.Tannehill,32.09,PIT,18.0,30.0,60.0,220.0,2.0,0.0,104.9,2.0,10.0,7.33,2.0,5.0,2.5,0.0,0.0,57.0,Oct,24,L
R.Tannehill,32.097,CIN,18.0,30.0,60.0,233.0,2.0,1.0,92.8,1.0,10.0,7.77,2.0,20.0,10.0,0.0,0.0,62.0,Nov,20,L
R.Tannehill,32.104,CHI,10.0,21.0,47.62,158.0,2.0,0.0,104.9,3.0,22.0,7.52,3.0,3.0,1.0,0.0,0.0,55.0,Nov,24,W
R.Tannehill,32.108,IND,15.0,27.0,55.56,147.0,1.0,0.0,83.4,1.0,10.0,5.44,2.0,9.0,4.5,0.0,0.0,59.0,Nov,17,L
R.Tannehill,32.118,BAL,22.0,31.0,70.97,259.0,2.0,1.0,104.1,2.0,16.0,8.35,4.0,35.0,8.75,0.0,2.0,70.0,Nov,30,W
R.Tannehill,32.125,IND,13.0,22.0,59.09,221.0,1.0,0.0,108.3,1.0,1.0,10.05,2.0,3.0,1.5,1.0,0.0,69.0,Nov,45,W
R.Tannehill,32.132,CLE,29.0,45.0,64.44,389.0,3.0,1.0,104.8,3.0,20.0,8.64,0.0,0.0,0.0,0.0,0.0,73.0,Dec,35,L
R.Tannehill,32.139,JAX,19.0,24.0,79.17,212.0,2.0,0.0,131.2,1.0,7.0,8.83,0.0,0.0,0.0,0.0,0.0,60.0,Dec,31,W
R.Tannehill,32.146,DET,21.0,27.0,77.78,273.0,3.0,0.0,145.8,1.0,5.0,10.11,3.0,21.0,7.0,2.0,0.0,65.0,Dec,46,W
R.Tannehill,32.153,GNB,11.0,24.0,45.83,121.0,1.0,2.0,40.5,2.0,17.0,5.04,3.0,55.0,18.33,1.0,1.0,52.0,Dec,14,L
R.Tannehill,32.16,HOU,18.0,27.0,66.67,216.0,1.0,0.0,103.3,2.0,12.0,8.0,7.0,38.0,5.43,2.0,0.0,71.0,Jan,41,W
D.Carr,29.169,CAR,22.0,30.0,73.33,239.0,1.0,0.0,107.5,0.0,0.0,7.97,0.0,0.0,0.0,0.0,0.0,63.0,Sept,34,W
D.Carr,29.177,NOR,28.0,38.0,73.68,284.0,3.0,0.0,120.9,3.0,23.0,7.47,3.0,3.0,1.0,0.0,2.0,80.0,Sept,34,W
D.Carr,29.183,NWE,24.0,32.0,75.0,261.0,2.0,0.0,119.4,2.0,12.0,8.16,2.0,10.0,5.0,0.0,2.0,59.0,Sept,20,L
D.Carr,29.19,BUF,32.0,44.0,72.73,311.0,2.0,0.0,107.3,2.0,14.0,7.07,4.0,20.0,5.0,0.0,1.0,74.0,Oct,23,L
D.Carr,29.197,KAN,22.0,31.0,70.97,347.0,3.0,1.0,126.7,1.0,1.0,11.19,4.0,1.0,0.25,0.0,0.0,70.0,Oct,40,W
D.Carr,29.211,TAM,24.0,36.0,66.67,284.0,2.0,1.0,97.5,3.0,13.0,7.89,2.0,19.0,9.5,0.0,1.0,65.0,Oct,20,L
D.Carr,29.218,CLE,15.0,24.0,62.5,111.0,1.0,0.0,87.3,2.0,11.0,4.63,6.0,41.0,6.83,0.0,1.0,72.0,Nov,16,W
D.Carr,29.225,LAC,13.0,23.0,56.52,165.0,2.0,0.0,108.1,1.0,5.0,7.17,2.0,14.0,7.0,0.0,1.0,51.0,Nov,31,W
D.Carr,29.232,DEN,16.0,25.0,64.0,154.0,0.0,0.0,81.1,0.0,0.0,6.16,4.0,10.0,2.5,0.0,0.0,72.0,Nov,37,W
D.Carr,29.239,KAN,23.0,31.0,74.19,275.0,3.0,1.0,119.7,0.0,0.0,8.87,3.0,6.0,2.0,0.0,0.0,59.0,Nov,31,L
D.Carr,29.246,ATL,22.0,34.0,64.71,215.0,0.0,1.0,70.1,3.0,21.0,6.32,0.0,0.0,0.0,0.0,3.0,52.0,Nov,6,L
D.Carr,29.253,NYJ,28.0,47.0,59.57,381.0,3.0,1.0,97.9,2.0,13.0,8.11,2.0,5.0,2.5,1.0,0.0,78.0,Dec,31,W
D.Carr,29.26,IND,31.0,45.0,68.89,316.0,2.0,2.0,85.0,0.0,0.0,7.02,3.0,12.0,4.0,1.0,0.0,68.0,Dec,27,L
D.Carr,29.264,LAC,3.0,5.0,60.0,53.0,0.0,0.0,96.2,1.0,3.0,10.6,0.0,0.0,0.0,0.0,0.0,11.0,Dec,27,L
D.Carr,29.273,MIA,21.0,34.0,61.76,336.0,1.0,0.0,104.5,3.0,22.0,9.88,2.0,-2.0,-1.0,1.0,0.0,64.0,Dec,25,L
D.Carr,29.281,DEN,24.0,38.0,63.16,371.0,2.0,2.0,91.0,3.0,12.0,9.76,2.0,1.0,0.5,0.0,0.0,69.0,Jan,32,W
M.Ryan,35.119,SEA,37.0,54.0,68.52,450.0,2.0,1.0,98.5,2.0,16.0,8.33,1.0,-1.0,-1.0,0.0,0.0,79.0,Sept,25,L
M.Ryan,35.126,DAL,24.0,36.0,66.67,273.0,4.0,0.0,126.3,1.0,6.0,7.58,4.0,16.0,4.0,0.0,0.0,75.0,Sept,39,L
M.Ryan,35.133,CHI,19.0,38.0,50.0,238.0,1.0,1.0,67.7,2.0,11.0,6.26,1.0,-1.0,-1.0,0.0,0.0,68.0,Sept,26,L
M.Ryan,35.141,GNB,28.0,39.0,71.79,285.0,0.0,0.0,92.4,4.0,36.0,7.31,2.0,10.0,5.0,0.0,0.0,70.0,Oct,16,L
M.Ryan,35.147,CAR,21.0,37.0,56.76,226.0,0.0,1.0,63.6,2.0,19.0,6.11,1.0,-1.0,-1.0,0.0,1.0,65.0,Oct,16,L
M.Ryan,35.154,MIN,30.0,40.0,75.0,371.0,4.0,0.0,136.6,2.0,8.0,9.28,4.0,8.0,2.0,0.0,0.0,80.0,Oct,40,W
M.Ryan,35.161,DET,31.0,42.0,73.81,338.0,1.0,0.0,105.1,2.0,16.0,8.05,0.0,0.0,0.0,0.0,1.0,75.0,Oct,22,L
M.Ryan,35.165,CAR,21.0,30.0,70.0,281.0,0.0,1.0,85.6,2.0,11.0,9.37,6.0,27.0,4.5,1.0,0.0,70.0,Oct,25,W
M.Ryan,35.175,DEN,25.0,35.0,71.43,284.0,3.0,1.0,112.1,2.0,13.0,8.11,3.0,10.0,3.33,0.0,0.0,71.0,Nov,34,W
M.Ryan,35.189,NOR,19.0,37.0,51.35,232.0,0.0,2.0,48.5,8.0,36.0,6.27,0.0,0.0,0.0,0.0,0.0,62.0,Nov,9,L
M.Ryan,35.196,LVR,22.0,39.0,56.41,185.0,2.0,1.0,75.3,1.0,6.0,4.74,1.0,5.0,5.0,0.0,0.0,69.0,Nov,43,W
M.Ryan,35.203,NOR,19.0,39.0,48.72,273.0,1.0,0.0,80.4,3.0,11.0,7.0,0.0,0.0,0.0,0.0,1.0,67.0,Dec,16,L
M.Ryan,35.21,LAC,21.0,32.0,65.63,224.0,1.0,3.0,57.3,2.0,14.0,7.0,1.0,3.0,3.0,0.0,0.0,57.0,Dec,17,L
M.Ryan,35.217,TAM,34.0,49.0,69.39,356.0,3.0,0.0,110.6,3.0,24.0,7.27,1.0,16.0,16.0,0.0,0.0,65.0,Dec,27,L
M.Ryan,35.224,KAN,27.0,35.0,77.14,300.0,2.0,0.0,121.1,4.0,23.0,8.57,1.0,-1.0,-1.0,0.0,1.0,68.0,Dec,14,L
M.Ryan,35.231,TAM,29.0,44.0,65.91,265.0,2.0,0.0,97.3,1.0,7.0,6.02,3.0,1.0,0.33,1.0,2.0,72.0,Jan,27,L
J.Herbert,22.194,KAN,22.0,33.0,66.67,311.0,1.0,1.0,94.4,2.0,15.0,9.42,4.0,18.0,4.5,1.0,0.0,83.0,Sept,20,L
J.Herbert,22.201,CAR,35.0,49.0,71.43,330.0,1.0,1.0,88.0,2.0,11.0,6.73,3.0,15.0,5.0,0.0,2.0,78.0,Sept,16,L
J.Herbert,22.208,TAM,20.0,25.0,80.0,290.0,3.0,1.0,137.9,2.0,12.0,11.6,5.0,14.0,2.8,0.0,0.0,53.0,Oct,31,L
J.Herbert,22.216,NOR,20.0,34.0,58.82,264.0,4.0,0.0,122.7,3.0,25.0,7.76,4.0,8.0,2.0,0.0,1.0,71.0,Oct,27,L
J.Herbert,22.229,JAX,27.0,43.0,62.79,347.0,3.0,0.0,111.3,1.0,2.0,8.07,9.0,66.0,7.33,1.0,0.0,79.0,Oct,39,W
J.Herbert,22.236,DEN,29.0,43.0,67.44,278.0,3.0,2.0,89.1,2.0,3.0,6.47,3.0,21.0,7.0,0.0,0.0,87.0,Nov,30,L
J.Herbert,22.243,LVR,28.0,42.0,66.67,326.0,2.0,0.0,105.9,2.0,14.0,7.76,5.0,24.0,4.8,0.0,1.0,78.0,Nov,26,L
J.Herbert,22.25,MIA,20.0,32.0,62.5,187.0,2.0,1.0,86.3,2.0,13.0,5.84,4.0,10.0,2.5,1.0,0.0,63.0,Nov,21,L
J.Herbert,22.257,NYJ,37.0,49.0,75.51,366.0,3.0,0.0,116.5,3.0,19.0,7.47,2.0,11.0,5.5,0.0,0.0,82.0,Nov,34,W
J.Herbert,22.264,BUF,31.0,52.0,59.62,316.0,1.0,1.0,75.5,3.0,25.0,6.08,2.0,-2.0,-1.0,0.0,2.0,83.0,Nov,17,L
J.Herbert,22.271,NWE,26.0,53.0,49.06,209.0,0.0,2.0,43.7,3.0,21.0,3.94,0.0,0.0,0.0,0.0,0.0,72.0,Dec,0,L
J.Herbert,22.278,ATL,36.0,44.0,81.82,243.0,2.0,1.0,95.4,1.0,3.0,5.52,0.0,0.0,0.0,0.0,0.0,73.0,Dec,20,W
J.Herbert,22.282,LVR,22.0,32.0,68.75,314.0,2.0,0.0,121.1,1.0,8.0,9.81,4.0,14.0,3.5,1.0,1.0,66.0,Dec,30,W
J.Herbert,22.292,DEN,21.0,33.0,63.64,253.0,1.0,0.0,97.2,2.0,26.0,7.67,4.0,26.0,6.5,0.0,1.0,57.0,Dec,19,W
J.Herbert,22.299,KAN,22.0,31.0,70.97,302.0,3.0,0.0,134.1,3.0,21.0,9.74,6.0,9.0,1.5,1.0,0.0,72.0,Jan,38,W
L.Jackson,23.25,CLE,20.0,25.0,80.0,275.0,3.0,0.0,152.1,2.0,14.0,11.0,7.0,45.0,6.43,0.0,1.0,53.0,Sept,38,W
L.Jackson,23.257,HOU,18.0,24.0,75.0,204.0,1.0,0.0,113.9,4.0,27.0,8.5,16.0,54.0,3.38,0.0,0.0,65.0,Sept,33,W
L.Jackson,23.265,KAN,15.0,28.0,53.57,97.0,1.0,0.0,73.1,4.0,27.0,3.46,9.0,83.0,9.22,0.0,2.0,56.0,Sept,20,L
L.Jackson,23.271,WAS,14.0,21.0,66.67,193.0,2.0,1.0,107.8,1.0,2.0,9.19,7.0,53.0,7.57,1.0,0.0,47.0,Oct,31,W
L.Jackson,23.278,CIN,19.0,37.0,51.35,180.0,2.0,1.0,71.9,1.0,9.0,4.86,2.0,3.0,1.5,0.0,0.0,62.0,Oct,27,W
L.Jackson,23.285,PHI,16.0,27.0,59.26,186.0,1.0,0.0,92.5,3.0,13.0,6.89,9.0,108.0,12.0,1.0,0.0,73.0,Oct,30,W
L.Jackson,23.299,PIT,13.0,28.0,46.43,208.0,2.0,2.0,65.8,4.0,16.0,7.43,16.0,65.0,4.06,0.0,3.0,82.0,Nov,24,L
L.Jackson,23.306,IND,19.0,23.0,82.61,170.0,0.0,0.0,97.5,2.0,14.0,7.39,13.0,58.0,4.46,1.0,0.0,64.0,Nov,24,W
L.Jackson,23.313,NWE,24.0,34.0,70.59,249.0,2.0,1.0,98.8,2.0,7.0,7.32,11.0,55.0,5.0,0.0,0.0,66.0,Nov,17,L
L.Jackson,23.32,TEN,17.0,29.0,58.62,186.0,1.0,1.0,74.8,1.0,9.0,6.41,13.0,51.0,3.92,0.0,0.0,65.0,Nov,24,L
L.Jackson,23.336,DAL,12.0,17.0,70.59,107.0,2.0,1.0,101.8,0.0,0.0,6.29,13.0,94.0,7.23,1.0,1.0,55.0,Dec,34,W
L.Jackson,23.342,CLE,11.0,17.0,64.71,163.0,1.0,0.0,115.6,4.0,22.0,9.59,9.0,124.0,13.78,2.0,0.0,49.0,Dec,47,W
L.Jackson,23.348,JAX,17.0,22.0,77.27,243.0,3.0,1.0,133.1,1.0,0.0,11.05,10.0,35.0,3.5,1.0,2.0,55.0,Dec,40,W
L.Jackson,23.355,NYG,17.0,26.0,65.38,183.0,2.0,0.0,111.5,0.0,0.0,7.04,13.0,80.0,6.15,0.0,1.0,68.0,Dec,27,W
L.Jackson,23.362,CIN,10.0,18.0,55.56,113.0,3.0,1.0,91.0,0.0,0.0,6.28,11.0,97.0,8.82,0.0,0.0,57.0,Jan,38,W
J.Allen,24.115,NYJ,33.0,46.0,71.74,312.0,2.0,0.0,104.6,3.0,6.0,6.78,14.0,57.0,4.07,1.0,2.0,87.0,Sept,27,W
J.Allen,24.122,MIA,24.0,35.0,68.57,415.0,4.0,0.0,146.7,1.0,4.0,11.86,4.0,19.0,4.75,0.0,0.0,61.0,Sept,31,W
J.Allen,24.129,LAR,24.0,33.0,72.73,311.0,4.0,1.0,128.9,4.0,37.0,9.42,4.0,8.0,2.0,1.0,1.0,62.0,Sept,35,W
J.Allen,24.136,LVR,24.0,34.0,70.59,288.0,2.0,0.0,115.8,1.0,14.0,8.47,3.0,-1.0,-0.33,1.0,0.0,61.0,Oct,30,W
J.Allen,24.145,TEN,26.0,41.0,63.41,263.0,2.0,2.0,77.6,1.0,10.0,6.41,4.0,18.0,4.5,0.0,0.0,65.0,Oct,16,L
J.Allen,24.151,KAN,14.0,27.0,51.85,122.0,2.0,1.0,73.4,0.0,0.0,4.52,8.0,42.0,5.25,0.0,0.0,53.0,Oct,17,L
J.Allen,24.157,NYJ,30.0,43.0,69.77,307.0,0.0,0.0,90.0,2.0,11.0,7.14,11.0,61.0,5.55,0.0,1.0,74.0,Oct,18,W
J.Allen,24.164,NWE,11.0,18.0,61.11,154.0,0.0,1.0,65.5,1.0,5.0,8.56,10.0,23.0,2.3,1.0,0.0,58.0,Nov,24,W
J.Allen,24.171,SEA,31.0,38.0,81.58,415.0,3.0,0.0,138.5,7.0,29.0,10.92,7.0,14.0,2.0,1.0,0.0,68.0,Nov,44,W
J.Allen,24.178,ARI,32.0,49.0,65.31,284.0,2.0,2.0,77.3,0.0,0.0,5.8,7.0,38.0,5.43,0.0,0.0,73.0,Nov,30,L
J.Allen,24.192,LAC,18.0,24.0,75.0,157.0,1.0,1.0,88.4,2.0,10.0,6.54,9.0,32.0,3.56,1.0,1.0,61.0,Nov,27,W
J.Allen,24.2,SFO,32.0,40.0,80.0,375.0,4.0,0.0,139.1,1.0,7.0,9.38,6.0,11.0,1.83,0.0,2.0,73.0,Dec,34,W
J.Allen,24.206,PIT,24.0,43.0,55.81,238.0,2.0,1.0,77.5,1.0,8.0,5.53,6.0,28.0,4.67,0.0,1.0,75.0,Dec,26,W
J.Allen,24.212,DEN,28.0,40.0,70.0,359.0,2.0,0.0,114.5,1.0,7.0,8.98,3.0,33.0,11.0,2.0,1.0,72.0,Dec,48,W
J.Allen,24.221,NWE,27.0,36.0,75.0,320.0,4.0,0.0,138.7,0.0,0.0,8.89,4.0,35.0,8.75,0.0,0.0,57.0,Dec,38,W
J.Allen,24.227,MIA,18.0,25.0,72.0,224.0,3.0,1.0,122.3,1.0,11.0,8.96,2.0,3.0,1.5,0.0,0.0,35.0,Jan,56,W
R.Wilson,31.289,ATL,31.0,35.0,88.57,322.0,4.0,0.0,143.1,3.0,23.0,9.2,3.0,29.0,9.67,0.0,1.0,62.0,Sept,38,W
R.Wilson,31.296,NWE,21.0,28.0,75.0,288.0,5.0,1.0,132.1,2.0,13.0,10.29,5.0,39.0,7.8,0.0,0.0,63.0,Sept,35,W
R.Wilson,31.303,DAL,27.0,40.0,67.5,315.0,5.0,0.0,130.7,4.0,20.0,7.88,6.0,22.0,3.67,0.0,0.0,76.0,Sept,38,W
R.Wilson,31.31,MIA,24.0,34.0,70.59,360.0,2.0,1.0,112.4,2.0,17.0,10.59,4.0,5.0,1.25,0.0,0.0,63.0,Oct,31,W
R.Wilson,31.317,MIN,20.0,32.0,62.5,217.0,3.0,1.0,100.7,4.0,27.0,6.78,5.0,58.0,11.6,0.0,0.0,54.0,Oct,27,W
R.Wilson,31.331,ARI,33.0,50.0,66.0,388.0,3.0,3.0,84.4,2.0,16.0,7.76,6.0,84.0,14.0,0.0,0.0,84.0,Oct,34,L
R.Wilson,31.338,SFO,27.0,37.0,72.97,261.0,4.0,0.0,128.3,2.0,12.0,7.05,6.0,23.0,3.83,0.0,0.0,68.0,Nov,37,W
R.Wilson,31.345,BUF,28.0,41.0,68.29,390.0,2.0,2.0,94.6,5.0,28.0,9.51,2.0,5.0,2.5,1.0,2.0,65.0,Nov,34,L
R.Wilson,31.352,LAR,22.0,37.0,59.46,248.0,0.0,2.0,57.0,6.0,28.0,6.7,8.0,60.0,7.5,0.0,1.0,67.0,Nov,16,L
R.Wilson,31.356,ARI,23.0,28.0,82.14,197.0,2.0,0.0,119.8,3.0,15.0,7.04,10.0,42.0,4.2,0.0,2.0,66.0,Nov,28,W
R.Wilson,32.001,PHI,22.0,31.0,70.97,230.0,1.0,0.0,102.9,2.0,5.0,7.42,6.0,12.0,2.0,0.0,0.0,67.0,Nov,23,W
R.Wilson,32.007,NYG,27.0,43.0,62.79,263.0,1.0,1.0,78.0,5.0,47.0,6.12,7.0,45.0,6.43,0.0,1.0,72.0,Dec,12,L
R.Wilson,32.014,NYJ,21.0,27.0,77.78,206.0,4.0,1.0,122.6,0.0,0.0,7.63,1.0,-1.0,-1.0,0.0,0.0,55.0,Dec,40,W
R.Wilson,32.021,WAS,18.0,27.0,66.67,121.0,1.0,1.0,73.2,0.0,0.0,4.48,6.0,52.0,8.67,0.0,0.0,57.0,Dec,20,W
R.Wilson,32.028,LAR,20.0,32.0,62.5,225.0,1.0,0.0,93.9,5.0,28.0,7.03,3.0,9.0,3.0,1.0,0.0,63.0,Dec,20,W
R.Wilson,32.035,SFO,20.0,36.0,55.56,181.0,2.0,0.0,87.8,2.0,22.0,5.03,5.0,29.0,5.8,0.0,0.0,65.0,Jan,26,W
A.Rodgers,36.286,MIN,32.0,44.0,72.73,364.0,4.0,0.0,127.5,0.0,0.0,8.27,1.0,2.0,2.0,0.0,0.0,76.0,Sept,43,W
A.Rodgers,36.293,DET,18.0,30.0,60.0,240.0,2.0,0.0,107.6,1.0,11.0,8.0,2.0,12.0,6.0,0.0,0.0,68.0,Sept,42,W
A.Rodgers,36.3,NOR,21.0,32.0,65.63,283.0,3.0,0.0,124.9,1.0,12.0,8.84,2.0,12.0,6.0,0.0,0.0,62.0,Sept,37,W
A.Rodgers,36.308,ATL,27.0,33.0,81.82,327.0,4.0,0.0,147.5,1.0,12.0,9.91,1.0,5.0,5.0,0.0,0.0,62.0,Oct,30,W
A.Rodgers,36.321,TAM,16.0,35.0,45.71,160.0,0.0,2.0,35.4,4.0,42.0,4.57,2.0,14.0,7.0,0.0,0.0,60.0,Oct,10,L
A.Rodgers,36.328,HOU,23.0,34.0,67.65,283.0,4.0,0.0,132.4,0.0,0.0,8.32,0.0,0.0,0.0,0.0,0.0,60.0,Oct,35,W
A.Rodgers,36.335,MIN,27.0,41.0,65.85,291.0,3.0,0.0,110.9,1.0,0.0,7.1,2.0,9.0,4.5,0.0,1.0,74.0,Nov,22,L
A.Rodgers,36.339,SFO,25.0,31.0,80.65,305.0,4.0,0.0,147.2,1.0,11.0,9.84,1.0,7.0,7.0,0.0,0.0,62.0,Nov,34,W
A.Rodgers,36.349,JAX,24.0,34.0,70.59,325.0,2.0,1.0,108.1,1.0,10.0,9.56,3.0,4.0,1.33,1.0,0.0,65.0,Nov,24,W
A.Rodgers,36.356,IND,27.0,38.0,71.05,311.0,3.0,1.0,110.7,1.0,10.0,8.18,3.0,13.0,4.33,0.0,1.0,60.0,Nov,31,L
A.Rodgers,36.363,CHI,21.0,29.0,72.41,211.0,4.0,0.0,132.3,0.0,0.0,7.28,2.0,12.0,6.0,0.0,0.0,69.0,Nov,41,W
A.Rodgers,37.004,PHI,25.0,34.0,73.53,295.0,3.0,0.0,128.9,2.0,7.0,8.68,4.0,-3.0,-0.75,0.0,1.0,61.0,Dec,30,W
A.Rodgers,37.011,DET,26.0,33.0,78.79,290.0,3.0,0.0,133.6,0.0,0.0,8.79,6.0,13.0,2.17,1.0,0.0,67.0,Dec,31,W
A.Rodgers,37.017,CAR,20.0,29.0,68.97,143.0,1.0,0.0,91.6,5.0,47.0,4.93,5.0,26.0,5.2,1.0,0.0,62.0,Dec,24,W
A.Rodgers,37.025,TEN,21.0,25.0,84.0,231.0,4.0,1.0,128.1,1.0,17.0,9.24,3.0,19.0,6.33,0.0,1.0,63.0,Dec,40,W
A.Rodgers,37.032,CHI,19.0,24.0,79.17,240.0,4.0,0.0,147.9,1.0,3.0,10.0,1.0,4.0,4.0,0.0,0.0,46.0,Jan,35,W
D.Watson,24.362,KAN,20.0,32.0,62.5,253.0,1.0,1.0,84.5,4.0,11.0,7.91,6.0,27.0,4.5,1.0,0.0,59.0,Sept,20,L
D.Watson,25.006,BAL,25.0,36.0,69.44,275.0,1.0,1.0,89.5,4.0,22.0,7.64,5.0,17.0,3.4,0.0,0.0,59.0,Sept,16,L
D.Watson,25.013,PIT,19.0,27.0,70.37,264.0,2.0,1.0,110.7,5.0,33.0,9.78,1.0,5.0,5.0,0.0,0.0,47.0,Sept,21,L
D.Watson,25.02,MIN,20.0,33.0,60.61,300.0,2.0,0.0,110.7,3.0,10.0,9.09,5.0,9.0,1.8,0.0,2.0,65.0,Oct,23,L
D.Watson,25.027,JAX,25.0,35.0,71.43,359.0,3.0,2.0,109.1,1.0,2.0,10.26,2.0,25.0,12.5,0.0,0.0,58.0,Oct,30,W
D.Watson,25.034,TEN,28.0,37.0,75.68,335.0,4.0,0.0,138.9,2.0,15.0,9.05,4.0,26.0,6.5,0.0,0.0,71.0,Oct,36,L
D.Watson,25.041,GNB,29.0,39.0,74.36,309.0,2.0,0.0,114.2,3.0,23.0,7.92,7.0,38.0,5.43,0.0,0.0,68.0,Oct,20,L
D.Watson,25.055,JAX,19.0,32.0,59.38,281.0,2.0,0.0,109.0,2.0,14.0,8.78,10.0,50.0,5.0,0.0,1.0,64.0,Nov,27,W
D.Watson,25.062,CLE,20.0,30.0,66.67,163.0,1.0,0.0,91.4,2.0,10.0,5.43,8.0,36.0,4.5,0.0,0.0,57.0,Nov,7,L
D.Watson,25.069,NWE,28.0,37.0,75.68,344.0,2.0,0.0,121.9,0.0,0.0,9.3,6.0,36.0,6.0,1.0,0.0,61.0,Nov,27,W
D.Watson,25.073,DET,17.0,25.0,68.0,318.0,4.0,0.0,150.4,2.0,11.0,12.72,8.0,24.0,3.0,0.0,0.0,56.0,Nov,41,W
D.Watson,25.083,IND,26.0,38.0,68.42,341.0,0.0,1.0,85.5,5.0,33.0,8.97,7.0,38.0,5.43,1.0,2.0,64.0,Dec,20,L
D.Watson,25.09,CHI,21.0,30.0,70.0,219.0,1.0,0.0,101.9,6.0,52.0,7.3,7.0,38.0,5.43,0.0,0.0,65.0,Dec,7,L
D.Watson,25.097,IND,33.0,41.0,80.49,373.0,2.0,0.0,120.8,5.0,31.0,9.1,6.0,25.0,4.17,0.0,1.0,69.0,Dec,20,L
D.Watson,25.104,CIN,24.0,33.0,72.73,324.0,3.0,0.0,133.9,1.0,2.0,9.82,5.0,38.0,7.6,0.0,2.0,52.0,Dec,31,L
D.Watson,25.111,TEN,28.0,39.0,71.79,365.0,3.0,1.0,115.9,4.0,24.0,9.36,3.0,12.0,4.0,0.0,0.0,63.0,Jan,38,L
