,Learning Rate,Neuron Combo,Dropout Used,Loss,Accuracy
0,0.001,"(128, 64)",0.2,0.8608930110931396,0.8102429509162903
1,0.001,"(128, 64)",0.3,0.5818913578987122,0.7859488129615784
2,0.001,"(128, 64)",0.4,0.6901143193244934,0.7997373342514038
3,0.001,"(64, 32)",0.2,0.8450876474380493,0.794484555721283
4,0.001,"(64, 32)",0.3,0.8127112984657288,0.7925148010253906
5,0.001,"(64, 32)",0.4,0.7397097945213318,0.7977675795555115
6,0.001,"(32, 16)",0.2,0.5124377608299255,0.7912015914916992
7,0.001,"(32, 16)",0.3,0.5996275544166565,0.8003939390182495
8,0.001,"(32, 16)",0.4,0.7816269397735596,0.7990807890892029
9,0.01,"(128, 64)",0.2,0.5653448104858398,0.7820091843605042
10,0.01,"(128, 64)",0.3,0.7323962450027466,0.7931713461875916
11,0.01,"(128, 64)",0.4,1.0186526775360107,0.8030203580856323
12,0.01,"(64, 32)",0.2,0.6263883709907532,0.7898883819580078
13,0.01,"(64, 32)",0.3,0.6569353342056274,0.7951411604881287
14,0.01,"(64, 32)",0.4,0.669758141040802,0.7971109747886658
15,0.01,"(32, 16)",0.2,0.537890613079071,0.8043335676193237
16,0.01,"(32, 16)",0.3,0.6089540123939514,0.8017071485519409
17,0.01,"(32, 16)",0.4,0.685655415058136,0.794484555721283
